41048
38915
8442
21673
6117
15733
18483
24106
15983
47179
15422
23103
4173
37437
10028
49192
39551
45501
10702
7411
17022
45593
9844
23862
45771
4276
31797
31333
12791
39243
36994
33540
41252
25317
7966
26109
1409
21050
24164
17165
12211
23867
14935
3983
11452
5420
42463
39125
46437
18011
38299
16641
5564
35410
38004
21265
16124
24820
45107
16140
45163
24816
24991
34709
27209
32186
11504
18695
35299
16801
3956
21959
4587
18012
13943
34584
30856
17034
6950
2876
43398
32801
7286
40051
31244
11865
19706
6714
13444
42151
37794
30945
25546
35314
16559
16624
49393
31167
37412
37340
8517
41302
1644
40651
20534
46550
18934
36106
24204
12577
30091
45046
22078
14435
38372
1462
46472
13744
6206
42446
46953
10463
26646
24228
6389
10593
26150
7281
49828
45098
48866
31585
45410
3971
40206
21749
12747
42438
30762
1430
27431
34027
16456
39344
11710
46457
29972
28792
43978
41590
10456
31592
20347
10159
33135
14495
44045
9096
17971
41706
14350
5427
49593
35100
22868
48619
22253
30043
8262
4702
1480
13521
39586
13095
23223
33
3418
2658
31761
13173
46915
3626
8987
41325
22449
179
565
44900
35424
31417
35472
32612
9938
27901
22113
46715
20473
45272
3784
27284
38647
20962
39026
30319
17007
5614
22237
32761
42306
29328
49426
45917
5720
42289
17188
48417
5085
7882
37055
33527
43605
28190
35885
23032
6597
49903
6718
12422
9288
36247
5190
20579
15891
33951
42763
10924
22291
13291
5839
30819
4807
48823
1514
45510
27294
44830
40119
46547
30857
9916
14189
41175
33572
45758
31977
7463
18903
25490
34636
44702
13130
30152
18215
2987
22159
21389
35610
49305
821
44678
36659
10515
12504
45089
48684
29720
12153
30906
19442
21128
8732
14357
28990
12632
3240
48015
42152
2805
44473
45928
19535
8932
4963
27223
46284
19414
30326
11668
42958
42979
18506
22350
29689
9188
32206
398
44110
12283
20004
3294
40720
13129
2423
8909
49769
38576
36745
17455
10385
527
19179
28290
43041
12924
21788
7503
10189
24364
41160
40094
43386
21349
16227
48409
40869
47734
20275
8755
18073
27760
29004
42605
15685
27373
47989
6419
36466
32715
34787
41041
28443
33192
3881
25486
49322
6230
40335
38852
15919
23903
1306
31153
20881
49470
43844
21658
43654
3798
17596
39014
49932
24142
41117
44749
6228
2217
44950
20742
33551
8944
46311
19129
13019
37267
26199
23262
12713
44037
49234
44962
9397
44734
16044
16939
47583
30752
46086
10084
38762
25869
14739
30781
22006
34046
454
6545
25811
42656
6730
36973
11072
30673
37558
54
22789
39001
36376
26839
2040
43919
47636
47293
43952
9811
25448
37891
30186
24394
26031
18383
36658
22128
47988
6614
47232
10199
21698
38909
4546
31974
409
8759
10871
41137
19273
1378
42138
14122
36911
8956
14521
37859
4237
12305
7166
43468
3627
44868
10793
23682
41122
14901
14663
27324
6676
22244
8585
27865
17782
14338
32553
18839
21814
30353
33397
15494
1988
60
13190
3478
15064
9883
30317
23661
33528
45151
9967
16513
39046
24099
46732
21648
38971
11301
41882
35897
30170
19172
3573
47465
22029
22983
31901
13853
40196
17583
47632
16624
28746
12128
862
31090
6060
46609
20180
5702
1188
47667
23251
25866
38985
22776
4737
31832
15232
34334
49566
46167
15175
42299
10524
47948
17045
10898
17056
8521
15810
41299
5185
38453
37061
10632
33876
47437
45497
28350
16763
28826
1270
22227
13958
49263
38466
5212
30300
40857
29986
8676
3156
18493
46262
47004
612
9836
43784
12113
39976
12364
6922
1157
28864
27047
40871
20767
22068
32816
36232
33894
6236
17881
8134
49211
22760
9118
28046
6792
15255
39583
7027
35835
8210
42611
26233
10548
30962
44432
48704
40970
49307
19617
26827
16230
42918
45093
33125
28262
12860
9365
38505
19182
22938
23516
954
13417
21371
21826
11322
35519
13042
46913
8361
26003
25330
9267
10207
2911
20436
24452
39168
17849
8908
16227
36524
19499
49975
44946
3317
21593
12191
31176
12627
7224
33781
15737
21622
34449
46898
16302
949
32099
43945
36138
1248
22805
31681
29526
24545
40967
49527
16541
37246
7715
13709
22236
30877
32897
5007
15688
48230
38379
35885
17611
33432
34109
23802
25210
47443
21310
47924
26014
22506
13497
11806
38736
20487
46015
42586
39771
23252
35677
6813
41073
6296
42169
41356
3173
4001
20267
19947
16432
22919
46697
10401
40834
10875
25420
5792
19568
40049
2074
234
206
28509
7395
49060
25639
49154
2446
21782
39815
2779
7875
19841
29334
5448
45663
45880
3690
45562
14727
1517
30255
3365
21921
33934
40144
39695
38730
12685
11996
29464
28241
21119
42809
22224
6923
9382
953
44033
49594
34145
3094
42502
30651
49333
26781
3942
1204
9912
38528
42775
32465
43719
35872
40068
45291
32064
29338
32924
47408
44427
31667
1969
10149
11642
49211
6888
16620
39235
11971
3068
49432
48275
35482
16203
24064
33717
42180
10603
48713
17796
18806
41801
17782
20406
8582
4473
36831
37937
20415
20936
12380
33948
36526
36585
45621
44783
39529
17775
161
5226
3706
28338
23538
19183
46397
15161
41808
44812
49743
2818
28933
14186
892
8774
22313
38256
23640
27407
8156
47424
42399
21827
5597
42902
46503
44587
44444
45778
10995
27209
18765
40713
36386
47478
46047
16393
36707
21485
33710
46529
34892
47979
9766
7357
23850
8922
44788
34351
7990
37576
43378
22242
4242
26516
32805
3873
48314
41795
20224
19059
18897
29746
33259
9706
10866
31388
3102
19877
34365
48846
12176
12925
13001
39364
10318
30185
10820
44230
32515
18291
38129
10555
41092
44323
19113
26233
14135
10663
5161
14725
22701
35776
18087
9889
48946
17251
42528
40227
41403
45638
49101
30117
34521
40904
12351
22663
8618
2302
30620
2155
25936
32789
6714
29883
17545
15362
15925
33197
38042
43612
1069
31844
40835
24041
30171
17978
38513
2757
36460
34931
12504
43327
6316
18661
7186
32450
21054
37417
6453
28866
6509
32965
43538
6993
3370
39806
36179
11201
40200
43974
2974
48873
11238
47877
17074
44386
1864
37855
43111
29666
42215
31851
37965
46131
49535
3817
13485
48132
46182
18967
37813
24463
19959
34591
47218
27717
41857
9681
43916
24827
3611
26322
41558
4072
3564
24420
21950
7955
22778
12983
46132
20671
20580
45211
41065
22042
6441
5961
10153
35034
7774
5845
7862
29491
21425
32285
47558
11117
2809
45376
19905
17854
36931
22150
46730
36839
35083
28014
22946
1322
8650
34000
46943
29134
49892
44576
16048
19203
26670
2232
16616
48530
38450
39490
35255
140
22731
39569
40292
40069
46600
6068
35029
10594
3770
40088
7451
36115
1578
2282
10872
31487
40682
16006
17823
40354
10511
39735
17193
33017
24177
32830
30902
48207
48602
14353
31091
19831
21150
47867
5514
32856
44088
40833
8645
17908
30233
28289
9051
10530
24348
44811
31371
32520
45960
7555
7611
13139
964
28065
1185
33176
382
4927
36800
10568
1435
35422
6840
19784
32395
5195
22166
15882
9441
4224
23136
20671
11095
1770
43617
44529
46026
49299
34977
17526
3630
43397
8650
6359
43184
7848
21011
42858
11096
5912
28474
16006
33884
21414
307
15280
8565
26015
31901
40108
33048
32071
42762
26251
42297
25332
25377
23870
14769
28924
35905
12413
24447
29550
21830
20406
23212
35996
8990
803
16952
878
11607
13938
42597
32408
43893
13681
13111
44311
43147
9190
11463
13677
20869
49478
36067
13283
5839
30432
47169
48169
42717
23507
1838
9218
46912
29818
37156
41655
167
22318
36681
8714
35919
27673
33433
39521
11334
37910
47755
27332
19423
35597
2041
44869
31236
29889
39813
44660
22294
26638
37058
17351
21134
29134
45988
22416
26700
18055
8182
10736
20403
18489
2176
37804
5655
1960
7145
11636
2240
5469
26563
12549
16652
31533
21802
44995
32138
36055
344
15989
48643
39408
41869
22480
35461
36121
5118
15767
40268
49130
24770
27653
27264
41352
29075
12430
36543
8458
34545
671
42570
42210
18585
27376
5802
32434
28396
44538
3802
26821
24072
4656
20036
15705
17426
33845
12545
23293
4039
47814
29030
7253
27097
37874
36428
13244
45119
42408
17891
40744
38661
27690
48565
27841
2621
36048
8005
31731
4664
3745
3527
24875
6923
19055
24973
35030
9331
5994
28933
38905
41122
45427
8920
36540
26016
5175
6288
23444
41868
40874
39169
40875
7909
39337
35379
26976
24336
22416
12234
49364
24876
33933
24320
28408
19886
44999
27600
45379
11933
24830
22227
32243
7387
11873
13054
26832
2832
19363
30331
49598
25909
22627
35243
13852
1983
15610
39504
46942
47799
47966
24102
20858
24635
1439
21510
10957
18735
49925
40055
45057
19818
36013
24261
47935
13611
840
39133
4364
6833
20516
10017
39126
1376
8723
10558
19456
24611
23503
4439
746
27544
31889
6780
34241
8042
1357
28005
20223
23185
10549
28835
40894
16594
43625
40263
8554
34631
7753
22468
22527
19713
17377
46464
31132
11029
32101
48427
19062
30571
40109
33465
9006
28073
5896
2925
14750
24175
17193
49941
17606
9180
18879
144
49397
28679
19296
19942
18861
40609
44070
16691
31616
18925
2367
29069
28507
3874
33384
48908
41116
3067
41408
36798
45418
25308
43508
1929
10035
44742
18230
5403
39007
46973
49724
2148
16986
16458
23547
48469
11185
12790
22150
34277
11042
35150
43866
24844
16462
657
49080
48753
10483
36530
42576
37794
39277
33773
46101
13995
31077
28187
36752
5098
49210
21500
38138
30211
32501
1196
21306
34661
47009
25392
16708
26283
14466
38980
29686
49990
22713
18749
23521
28163
40349
41465
42923
32351
27864
12870
19761
6348
38637
19515
17188
22577
42525
3274
41427
5910
46467
6882
6645
44328
47118
15349
3280
40341
26743
30598
13709
20280
21271
47396
47527
20027
11738
9616
12984
14583
40143
13201
28651
28719
49075
11941
26744
22263
701
4347
1624
6579
34975
28706
17086
40987
29419
25637
35909
34986
30742
44287
13536
46483
39382
24700
2415
23004
41490
42079
9995
1788
14700
10967
25314
33005
40923
38721
304
43510
17354
1691
23392
5158
37843
49969
41118
25678
4349
43998
8648
48350
48365
45755
7468
46437
12417
26699
2239
2416
10973
19858
33917
43694
21625
19038
47267
42650
13639
37963
16193
22826
661
7245
15293
4963
1474
32611
30852
8741
48470
19788
42541
29140
16086
31569
3131
7847
25949
2262
4765
12845
5069
27422
25210
39397
9946
70
40972
18330
7514
5983
44108
8988
14644
32921
3664
37260
32067
32363
16066
48885
49172
32627
40628
30798
20091
42906
48104
46550
45983
837
19866
31456
37377
2400
19057
1186
17486
9859
24735
725
38656
25446
2690
4476
1427
44432
14588
24542
46049
37420
16349
31581
4855
41935
7129
43157
26947
33153
26477
31590
26598
47997
27992
26155
44887
21481
40310
28747
8916
14271
16934
5668
41557
41021
14865
29017
36717
7435
24902
9564
14890
29108
42471
13247
40002
209
22839
43279
42023
37800
27382
23625
35089
29321
42471
34217
36843
28035
20990
1699
36453
24523
27864
40462
4414
10757
26483
39722
27883
24007
33127
37310
15966
12867
43794
23413
44360
13362
30465
29179
29422
16537
24629
5674
11670
28427
43649
8114
40922
28341
39497
38413
21767
23390
29776
38158
19771
43901
40410
33378
40644
7813
6916
40988
9926
45100
42161
20731
4684
46631
15873
44419
15685
14260
33285
10265
41605
26307
15755
14894
15613
48349
27239
16131
36458
6990
39541
42632
38394
14610
37593
33192
37597
35610
23176
9965
26875
13882
4771
29104
29958
27228
1706
2407
19746
11657
11546
5909
44794
43134
22899
35509
41456
23627
10239
36061
13128
49272
2956
13435
10285
40878
26269
17970
27126
39591
9615
6451
27197
2740
47654
20539
6548
32992
25188
11622
1269
11268
36268
10078
14493
49218
19890
8600
32334
43687
47890
49114
23861
48426
17005
4521
18051
45334
35237
41450
45888
44377
27713
40744
12195
20056
22032
38072
29706
41208
48834
35727
7745
16291
26833
41875
27364
35398
2516
11199
17205
23936
31353
26152
20680
39353
30426
33728
40781
6747
9066
8593
4228
35689
17248
8381
21389
1905
13077
15816
45921
7973
427
13498
25600
33304
554
143
49293
41740
18138
6719
38169
41765
22264
37261
10732
4339
30171
34550
39189
11565
11555
16789
37158
26606
27707
36296
2013
28770
28712
36115
31606
1591
27494
6574
28707
29588
11459
49554
19217
39942
39121
7915
8702
42061
36356
38857
45853
49642
18573
11626
10028
18300
33299
6816
15122
21932
43724
20083
23168
9597
15843
11253
40653
9714
36306
49194
47649
45092
25438
29582
1491
6840
46960
2435
49299
6417
40650
33450
10546
10398
36457
45427
49818
16094
12593
42961
29649
29727
10171
40324
49360
14846
12999
21965
26559
48681
14765
27561
9710
15295
7895
35655
19565
17659
47993
42968
31941
45511
46073
46538
20496
6515
1496
13960
8099
16979
914
12015
13909
40344
34401
17375
14888
37752
29552
11159
32260
49040
29354
21625
20576
27544
23448
46369
34815
46458
32889
30028
24328
5692
11889
3834
6795
40135
45522
28359
49593
9073
46089
19362
5090
30014
28613
25513
16882
22221
47037
8214
7475
44480
22900
47667
43
24203
44909
27812
31400
18003
39143
46543
38482
33943
46037
22661
38956
37543
32378
27911
37193
14486
41955
1842
31319
30802
47098
23310
42931
12728
38312
33237
15528
38874
5664
31815
5208
5079
4774
13529
23560
20082
2527
48581
11815
3590
4839
30264
27169
26508
33402
48354
13510
36827
9754
19926
3035
14588
20491
20619
23486
42344
42286
46966
7191
40224
25063
38955
17192
737
26937
46378
14942
16119
4292
5744
7978
32783
37551
45813
4131
15996
1951
45810
34470
21220
32279
38564
2965
34205
45568
11421
42195
18306
627
768
34514
29334
11582
23377
34907
27225
33956
28577
40385
46088
27328
36393
5240
17567
34569
37526
30481
29375
11675
16723
20715
36705
41878
21582
15618
24756
6958
13716
47963
35274
23699
25973
44814
15753
31291
39528
18407
21453
30908
1355
30859
38411
37814
45748
33372
19873
43330
36361
32500
49112
19027
10601
25789
15879
30821
38781
9860
2154
15470
5619
27895
1552
20621
16652
2862
32093
33453
2657
30713
41769
29385
23281
17106
2474
37266
16099
25969
38691
12936
29254
18457
11504
3166
13830
35878
13299
27547
34058
3938
40803
26665
30741
22682
19842
10758
8364
9199
23479
5235
46601
3777
31982
24766
30705
37638
49113
23572
2886
45868
35886
10947
3408
21912
4268
14400
29058
41236
15219
28259
5093
30528
33157
43679
42489
35847
33399
4741
16180
10523
29996
2574
41566
25997
47678
43991
4575
3353
48686
15093
1892
37313
14529
10291
16699
37666
13889
42718
24986
24640
4874
39310
16068
10450
44970
19267
839
13665
36467
37248
41347
1233
15946
43675
39136
5906
30096
49021
2241
29835
28605
1367
23980
7373
2149
37628
16270
32097
18916
43846
13180
18473
40964
30242
8267
35217
35500
5200
29011
33213
4679
6388
5404
39841
5763
40075
36271
45642
23008
36521
41737
36017
32612
28131
25006
4815
40097
27557
9995
10814
1963
19014
7839
1876
10981
8703
4439
3457
23893
15501
47223
28368
22105
42358
41562
29973
38647
3226
41437
9472
44814
15253
33743
44009
43994
28480
15521
39231
19348
22773
14983
3171
14361
46607
25648
18709
17867
5141
32967
19309
31958
780
23221
16136
23240
3473
3571
7003
25983
19746
42303
44295
24042
48830
28349
12053
9454
10831
3060
6308
48957
23441
44396
42162
46534
22924
47149
32923
5543
11000
281
39772
35587
14740
42191
2777
42052
35743
29460
16093
10012
49677
25181
45206
20830
38506
11751
46886
3780
15425
34215
14135
3989
43211
12636
33547
23851
42563
14731
19527
33115
35334
11308
48711
2575
8929
15889
36997
49736
45907
11520
11005
16083
47569
19201
16481
28712
23745
13304
38501
33704
22195
15355
3276
34253
17969
36866
27300
355
37673
16274
17666
24103
21126
14121
22357
26987
39613
48851
4831
9879
36362
42745
44049
28930
6863
3371
3197
22638
47385
34518
24114
43111
16691
5700
17743
32752
14412
29479
38979
47832
21871
49569
39222
42259
26047
35648
22559
28743
46314
30012
19267
42406
32065
5385
15094
35266
9808
37084
4487
30837
45782
48038
15412
19179
9179
45226
47981
21516
39881
29840
28292
18430
18077
36016
40634
19137
20169
15635
8444
24753
30510
8195
28281
21498
28093
26826
13802
35969
39585
17904
41825
28537
24282
19987
38948
5624
30988
35458
37897
24381
48040
2852
30417
15281
47119
10402
12392
21888
33003
27883
39448
19014
3500
47614
45995
5316
12436
48881
13135
6369
47690
8221
18360
46660
38690
885
27747
48757
9911
11918
49462
6216
38673
3619
1553
16745
46605
7079
12940
32231
34012
42988
730
22640
5747
19632
3799
43664
47026
37034
19003
35129
36145
15030
28339
46957
36418
36275
45776
33097
39375
12335
19530
25069
34038
7266
45405
13443
8007
48292
46858
49558
42519
45682
12260
9701
10457
49195
35745
29859
38898
30310
8830
36958
46934
17528
24736
8505
37152
36151
35901
17099
24600
868
33038
32473
4164
25643
21243
16259
20009
41257
31178
14436
48002
31962
5850
21696
21176
46274
40609
13690
18551
3709
37818
4515
21427
35916
13207
24201
11084
49721
47211
33662
44653
48939
18959
30282
23521
13197
11231
23403
14219
34432
19840
35469
49352
11093
48504
16975
43897
36386
37932
21278
236
33316
43682
47723
20000
24439
21664
48223
36033
26071
36959
20494
35995
48864
14151
28340
39554
11688
31051
45564
7361
1662
12399
34312
503
28661
47540
12265
15191
33871
29390
35727
36372
3631
793
16432
7334
38737
16972
42219
29517
2889
12813
48088
47374
24458
10276
39567
13287
22707
46540
23944
32897
34135
15063
6499
42723
15132
43183
2595
34403
37869
11435
19447
43115
25763
43732
41090
38712
47235
25696
20912
6834
49671
37992
43088
3595
17831
45818
2175
42724
33977
35257
29976
4147
41815
7981
29996
17238
15883
8856
20254
49867
4413
2799
25971
10273
11108
1109
38658
30439
28869
12877
7931
39871
6090
27713
40562
15440
46331
23217
32210
18633
19830
49228
23573
21745
47896
42358
37670
5745
7060
34317
23240
21883
15217
9085
2920
23237
23071
10912
26944
45939
13882
49472
34435
4084
31916
21294
12644
32154
25873
44829
7504
36492
13144
11665
494
42674
19200
19413
38002
3654
30933
22540
18215
5393
21017
14277
38593
29657
13296
13264
9483
34416
28342
2585
42735
12542
21651
47746
36017
2461
18922
39372
37844
12197
13743
38441
46385
44853
1268
10214
22074
48986
7257
16350
21740
29204
11620
32989
25544
1113
22439
44441
39438
3442
31469
11134
4992
9761
14328
41309
30465
30294
4254
15572
21937
1455
9667
27565
9039
7297
14368
35030
6964
15439
8127
16997
38794
3674
39580
20286
32635
42441
4327
36690
7422
45039
3515
9395
9926
34490
24467
33985
34536
42633
23953
40756
1923
30052
20237
18968
41527
19518
6776
43191
4176
29401
32483
34429
25450
23255
50000
43530
24874
10716
35939
30569
40501
5132
6149
6882
16167
7287
24461
6234
44846
24993
43861
47790
25715
17378
22443
34138
9028
37863
30205
11420
20113
13419
22340
33006
26216
35127
30927
48913
39006
38158
42089
2420
41100
28456
40465
36696
5982
31785
2940
29187
46282
28003
28818
24846
9333
12991
13122
13454
4274
36441
12832
9007
13306
16836
18774
29083
10503
12820
28602
32193
7578
41531
37480
49041
23411
41039
8355
32671
45736
47996
32174
25792
40950
29535
3468
17524
39328
35256
17627
21477
16940
9405
25023
16476
1597
18542
23045
21001
18931
18916
36394
21913
20209
26545
15305
19179
28152
36107
39054
27165
6484
4644
15447
40990
6289
31674
25357
28877
29726
10890
17643
11871
13638
22705
585
32944
43398
29576
20545
22075
33251
31367
47822
25802
32843
30063
95
24409
4543
43737
28084
14396
30296
18024
29693
29326
12332
45169
44457
43840
2509
23303
32558
28919
20917
49279
35992
22898
2894
16295
15113
39196
11572
36957
36937
24271
34187
44605
21769
18938
29486
36477
4696
1674
6367
39098
49142
19517
1853
39193
17818
45232
38926
5066
32909
28067
18070
25846
45640
9733
9305
36446
40537
167
15824
25397
3333
49970
17936
1360
19278
7304
31761
41077
48422
27990
30831
688
40446
43511
2562
45687
42180
32375
42544
29959
20961
20686
37296
7932
7263
24078
1801
21675
30603
44289
46638
48140
21990
23862
12112
27098
24899
40261
26047
24689
12360
19106
29636
40691
30245
16128
13773
32653
18174
34344
1612
9610
34660
27834
25008
15964
18640
15364
43813
20843
20837
7191
49093
21756
18304
25310
455
47611
2542
25910
40156
43614
32264
26368
22915
49280
1768
3824
42772
25488
35757
6339
24286
11355
4897
5741
6464
530
7633
40106
36581
22410
9861
31365
49935
44287
37000
41189
42391
42672
42416
14370
19959
29753
5499
22598
33087
16071
20345
33925
20839
14174
695
44848
41271
17768
23805
39566
46255
6888
38949
14724
17738
17166
33500
47751
31399
48962
49036
44364
10962
15328
36191
16260
39330
18912
26609
29510
38727
47505
8344
42892
29776
8789
11397
17607
7654
11713
29310
1291
18125
26780
25892
13159
12979
41448
5588
29158
18974
31196
15223
40807
10132
19068
43862
29062
22218
25464
44244
17132
16591
4040
44841
42078
31671
36585
40962
4470
35313
19438
6968
46804
38389
13538
6356
23960
19968
23746
20222
49431
6858
13700
3863
34501
27763
22002
15585
47424
22669
12766
31827
15226
1573
28762
35404
8453
46349
5857
15099
14982
34073
29174
45881
42905
17640
3358
687
22086
33711
19635
3118
9608
92
35916
39330
7471
18921
12515
32090
7049
45792
41030
19762
9092
2094
7339
27360
34268
2643
32864
16249
6920
46510
23630
19694
5436
44918
22742
27105
24750
48661
4821
42120
5728
16837
28871
30049
6861
29351
47454
31055
37751
40319
48900
31936
30811
30206
2658
9287
16563
3837
24570
44060
1400
3124
16667
44865
9224
9834
27923
33137
41057
13605
36184
5050
49678
37821
18045
9185
32546
8936
38046
6978
39502
30431
12370
4358
4444
49080
2793
15069
1369
11630
43468
30554
7947
49113
42873
49067
38096
39256
4701
23329
14240
47858
46065
43335
47245
38123
13677
1093
16844
3209
24779
7920
13476
8530
31422
46148
4982
45317
39960
28559
6131
19731
9649
27407
35740
752
8252
20383
37018
31331
8040
4438
25095
46158
36161
22920
37430
20514
18474
44787
6244
5000
6854
38665
41916
39863
11960
37362
26655
14031
11573
8356
40806
1217
35053
20268
10450
27782
28822
45717
35938
35450
25046
26803
15278
49639
37176
7375
28542
34793
3442
43667
41402
47136
39966
20089
35589
15239
36996
44616
40097
40390
1834
17366
4176
49930
18196
37437
15491
31424
22267
14256
25897
39691
35523
49556
24850
45400
39748
47394
34628
2001
29751
38205
17637
8287
1590
11899
44654
2506
40691
26040
36821
20183
11909
11397
11452
12125
24503
42764
47052
6211
16690
42118
44397
12567
48737
36892
2697
6825
40485
43592
6515
32704
46645
37480
30175
13948
14969
4643
44076
25913
17567
14520
19464
16374
40560
47697
1960
23289
47611
38588
16391
22034
19317
42909
2596
38139
32024
43127
17209
48750
31513
12678
23543
28669
21942
5689
2412
45817
30399
16792
36057
47932
46003
35318
31211
5148
6390
21291
46509
9608
28905
35183
1235
27626
31363
1806
27838
16137
20798
34833
5602
6594
34725
42096
11218
10697
38631
12482
48266
43935
49888
35708
43346
41277
8319
20459
28429
40518
4490
47813
40984
15471
8675
20717
49095
29547
25506
42323
40062
4610
30078
21964
32798
31739
5803
45180
8131
20177
33480
2448
26699
40254
38070
12149
19860
21601
36489
36103
9221
9345
12200
30391
9554
563
15766
38799
27071
30927
30140
35143
5092
48744
28865
17311
25819
29183
35321
49846
25269
23069
48203
12700
36590
17688
25356
33827
19760
12216
9096
11080
323
19583
2401
24216
17891
40565
37514
31496
46466
22722
27439
44550
23853
33955
16357
8668
16779
17279
17836
34152
30429
8299
26230
27204
38388
39052
12223
16224
24918
17611
1133
17907
2852
624
16986
27847
23718
13593
28048
14874
12883
13005
14677
33680
31785
46475
15954
25745
26662
45036
45686
16493
12444
33626
266
29383
12209
14539
6693
11791
31508
5733
33524
22962
9826
9063
32699
6123
39973
30748
3780
33754
28654
43847
26246
34987
36304
25317
30794
7233
30626
45062
35914
13492
32513
38311
41889
43492
19501
26142
25558
31077
46467
6888
38839
20764
3539
45036
4852
13097
1457
37924
45543
26384
44297
21032
46951
9788
30020
26503
49960
36753
43922
39307
39932
74
26088
1299
22864
15395
8939
2707
4167
33531
25272
47954
30734
17932
49958
7677
14295
46328
31764
48541
42695
28995
4343
9415
492
1176
31797
22460
4226
7927
17808
24622
15254
14845
37569
37540
1691
8346
39756
45621
37220
41843
30788
12419
10308
22395
24153
46193
4374
36140
27844
11409
33633
43048
15188
17432
9032
29314
1376
4668
15473
14777
627
2719
27589
21376
47754
49270
12827
30120
7292
3192
26591
37957
46187
16871
21861
10199
10336
24344
6756
13196
17590
49757
43775
23440
46368
49844
1527
36867
18441
9311
42832
18495
13790
16275
45920
19752
14037
47051
18359
20230
48495
7859
43315
45290
31657
29175
33974
29852
26720
39746
22222
40346
7015
40454
41099
36009
1000
9651
23796
5536
9265
49651
45567
5531
37903
11995
7609
29948
17133
24642
47296
9125
9495
25171
39266
18243
6031
41383
19194
23587
14428
35518
26948
25558
29468
17525
18520
45062
13846
37552
5055
46533
48355
28244
46438
8438
43763
2552
19914
25149
3358
40874
12679
4023
15806
3474
33974
11720
47738
17996
6556
18201
22987
5108
21164
46717
26942
39027
6407
11645
26806
28142
27951
23653
5266
11674
3143
14540
18132
6675
1999
32350
44954
16585
41120
48638
40355
31023
2129
44064
32796
21244
4203
43146
22912
17947
18538
11024
24494
33273
44184
14337
22059
36204
4139
3414
38171
30926
3861
22247
42032
48765
20501
7579
26231
34921
15401
5515
12402
35624
17673
32918
47227
6010
24251
5217
645
2693
45345
46812
4491
49174
16105
14048
22528
49401
5376
4394
27503
13069
49681
47259
14417
2851
45830
39825
46916
35571
31386
24585
33802
12781
31419
45621
1326
49965
18129
21236
11516
49055
32736
31521
24891
46309
31650
28567
16201
15357
3823
3999
5340
22028
7542
34001
36878
37845
12626
16291
3174
19543
13596
41423
47139
19733
6599
43858
39673
43716
45390
32264
44768
1997
30215
39475
29847
47266
35085
39738
32779
26817
43450
27964
25692
10887
29353
31678
15023
47225
30209
40902
39773
14042
32154
11392
49440
2819
12115
10659
26304
9456
32068
27430
38258
23813
26785
27824
1270
12715
22099
44072
22100
45086
3819
45380
40852
33614
18518
31890
25064
17989
16102
39794
28754
39585
4640
31509
21153
4805
42972
13390
8331
30760
12539
45767
42257
44838
39534
6207
16742
33542
5304
40465
48210
5085
8959
45406
18568
42907
12759
10747
47901
22851
49396
26649
36800
40075
34106
31572
40833
28542
1000
36952
49825
20372
10637
17081
26857
47287
42346
49866
43302
22104
21291
31855
15023
39614
35771
49166
40058
9747
22681
19696
41854
20714
3569
25314
9290
36311
27759
25533
23024
20103
12000
30941
10356
7967
48713
31868
49978
49482
34314
42818
29516
25124
33792
45468
13537
22488
4855
19647
24489
45661
37781
39751
14167
41440
24494
4453
33130
15898
24425
5435
43903
21312
41673
10483
47418
22124
33240
8062
41214
42537
11540
27547
8940
6341
12971
949
38990
38966
36246
31337
42706
12733
34151
42703
18679
10196
27500
2401
43827
24222
45995
37070
20286
43977
17026
36121
34116
8848
43504
12208
7200
41976
9301
20481
9312
15653
45817
23685
19679
33220
2958
22025
19442
34053
8542
13533
10821
38099
45036
610
32927
32964
11217
42619
32487
41187
11554
30607
13177
34050
32648
4610
19260
30782
33582
49820
40927
21454
29649
37123
7441
48801
44213
25413
35226
27975
13605
18994
3368
9766
39784
29764
16808
36880
4464
36812
44394
21132
33121
6293
10549
41874
17230
4990
28395
12115
47843
41870
41145
32895
11897
40497
41006
43351
17466
38932
525
7635
26458
6018
7706
14022
1752
39117
24327
49309
21949
17641
48613
35456
48242
32952
34549
3346
22454
5019
6739
31610
34589
37618
45377
8902
45561
15023
15572
25577
14435
19881
10775
21659
21666
27744
17411
2117
1083
3732
17462
12595
19410
45407
502
17075
44178
25414
14839
5389
11564
2426
16390
19473
48315
16965
46898
26272
40326
13247
23902
38572
32646
35973
44532
29813
10765
7430
26278
48853
32263
34453
33921
4299
44788
1347
26383
22077
43655
43577
10283
129
28242
34466
25003
35572
18973
11205
8115
21676
40754
19110
15418
23851
120
33398
48035
17437
2922
47076
8562
41001
6936
34967
18766
1264
39398
36395
38037
40247
5182
21142
5555
40931
108
29200
7676
6481
46855
26300
20030
43615
18179
8968
39908
1769
24660
28479
18727
42263
32866
43299
13712
16644
13831
18915
14787
26172
32065
6686
5577
35452
25469
15578
35057
22429
28207
39013
34843
22354
17912
29690
30079
22275
41376
1945
44598
38027
10128
5941
34125
22138
129
9990
32402
35612
10674
30210
38650
35451
23735
40185
25477
21972
44416
172
44565
2936
14649
41635
35053
36448
12051
14668
34177
20884
15259
381
15942
47182
10386
24065
21935
14145
28126
7320
29909
15547
8823
10714
28150
697
8005
13147
5775
48966
31081
34843
879
37920
47572
47846
19305
29413
2526
44297
29153
14743
43173
27803
45510
5962
34034
17500
46580
16409
30100
28826
42320
12949
47210
23005
1873
10689
20532
39094
12952
3909
15468
39673
33391
37206
47133
22721
33491
778
42570
41904
35812
2437
25833
45915
13078
48132
47447
26640
12485
6864
42841
25829
47553
24123
17280
49136
14242
45838
36803
19953
16354
48435
12935
26535
40595
31533
2630
20256
20513
30519
49302
33293
14400
20276
20426
6178
36816
16959
29129
2476
9496
28564
42625
17104
18169
49274
44973
30469
24018
37717
12731
24407
8923
43645
25917
20807
18173
35717
25329
9441
38956
24481
25800
45610
23392
49765
36987
13589
42755
22103
2091
18229
49167
34314
46953
4680
42005
18234
48542
40732
12057
24556
36137
31166
43664
24218
22652
31557
26575
6451
10188
1638
23474
31304
18157
11941
11502
13620
24791
19266
38609
4400
10420
15683
46140
39181
10088
47780
26140
40305
8733
7834
47765
4114
20906
21126
15535
36395
29356
32180
45982
42070
44095
12446
16004
5914
47612
40477
10909
38952
42479
5753
25487
43937
34187
4181
44873
2471
3657
26933
10676
6597
1034
28643
4364
9534
21694
20053
20789
36118
39918
34821
23271
31574
5753
9718
18138
37677
30131
8657
11761
3510
44609
19775
34472
18893
11115
29794
25315
10399
8512
8436
40502
37008
404
32712
40002
32945
10505
44466
17246
5706
27126
385
3967
30891
14869
4878
19896
16922
4639
37913
42863
26400
1218
12000
7677
45215
18053
12617
23863
15540
16300
46332
36579
16133
23622
9911
17367
7882
27059
30091
16884
42533
20246
47731
893
29545
24544
18088
47371
35815
10424
5557
33182
8778
30432
30543
17988
29689
22157
47088
13270
49014
30022
12699
22752
25400
3031
40584
47788
28444
13159
19619
8873
9159
28772
32621
35280
44292
43533
4223
30429
36490
47048
14169
41444
23580
40949
35466
23663
20293
37817
4497
13271
49735
8033
12079
8258
6066
49400
45388
6944
38542
16550
28916
10171
40661
8216
36559
42095
23446
