334
7664
3851
2145
4577
8869
7984
6638
3809
8373
5575
9721
8234
509
5638
5689
8738
4938
6362
6417
6457
5600
9004
1996
9221
4043
3020
4927
3305
4446
1243
3366
1044
7796
8263
4782
734
2769
1254
392
4427
7797
4872
763
2514
6544
7201
2760
3811
5475
7663
6793
3488
9801
1723
5337
6695
1754
5897
4281
1170
7914
3575
788
3333
2154
1859
2780
4089
1051
7976
5825
101
310
9889
3748
1570
391
2095
7799
6205
1102
8503
712
9132
2614
6029
9680
7377
9227
7470
7780
3463
90
63
5471
5318
7978
5255
3662
3069
2800
2185
5838
4814
9371
806
8696
92
8513
475
8835
1892
6622
5211
3919
8558
3057
1903
1421
1354
5717
9377
3454
2238
7430
2435
8075
7065
6459
5740
8099
1286
8401
874
6283
7382
3266
2256
1221
8141
4824
8819
5556
5089
6286
6186
8540
4374
6395
5654
1749
3472
5866
701
5195
7390
4732
3371
3125
3386
9031
5793
7999
5255
2671
1977
1533
1199
9131
641
7052
7318
9175
7767
5575
2069
5478
7591
7521
1615
7335
8269
9498
2282
5733
897
6622
3894
1401
5129
5408
9765
9803
9911
5809
2932
5362
970
9253
8093
7215
1838
174
9899
5474
98
4282
8093
7470
9837
2645
4957
2690
9326
4376
2835
1022
8815
5189
5659
1152
4514
6999
7552
2373
5525
6720
4950
2506
1529
1084
1538
1842
1598
730
8035
5223
8642
7231
5212
2834
1940
4981
7125
5566
7140
1330
2561
3721
3435
2515
1564
5726
6254
2601
4842
9370
4548
1887
8065
6389
1790
5704
7830
5087
2521
3417
7366
4480
6609
4402
2489
1684
9889
6649
8750
3129
5616
125
5811
6332
8533
2578
4935
8601
3251
7701
6245
7021
3236
3915
6283
3289
9214
1763
3851
2212
1490
9993
5719
5947
5912
6101
3760
83
2932
8898
3054
3772
7438
9243
4966
8489
8799
6993
2385
2069
7744
6139
4933
336
1820
4568
9287
8739
1252
1727
9841
4149
9720
8131
8727
6599
957
3071
4123
8423
8187
6050
1652
4510
8962
8565
2104
1848
8595
4575
9443
5363
5945
401
343
2726
1427
5119
6833
8464
7831
7766
370
2801
6792
2055
4644
6441
9612
6632
9466
7309
2285
7403
8506
5334
9629
4567
8649
6701
9566
4457
229
5828
5003
3265
5982
9293
900
7160
442
7121
828
8839
2536
4864
8633
2029
1867
3558
252
6555
1225
1184
1814
3139
1977
8654
2510
4161
7052
5118
2183
2930
9998
6050
1447
5569
3289
8383
2851
3934
6385
5247
414
5534
8429
4120
262
1018
8276
4659
1854
987
6522
3317
5980
5183
269
7314
8924
7748
1918
8717
1154
5716
5239
1434
155
1965
9257
9129
462
4018
3672
6579
3154
1162
1025
9334
9464
5660
2440
3374
6481
6422
8086
2034
5087
9187
3644
6879
8165
793
1710
6613
1701
53
3475
8304
4308
6572
9465
2141
9191
3608
2096
4875
2079
1786
6402
5684
2592
8798
4498
60
4465
1783
3984
8127
2491
3137
