299
31890
5923
36737
43278
56238
45421
9660
39438
22442
59212
5089
32435
28293
6357
8319
45609
2177
53102
49640
53184
10437
41496
41798
12419
8522
4385
34112
9141
1542
56739
52900
22138
36254
2834
6993
21907
44044
31729
27728
24822
12255
2589
32946
25591
47813
52189
19176
26412
1213
33090
48373
1791
19014
58692
6943
58666
49163
1740
18527
30368
58800
48173
58559
34762
38740
12304
39673
11448
52292
44039
27392
58865
57676
31644
21765
57705
21445
13850
55383
39108
38618
58706
37361
47444
8196
1269
32665
33782
37064
31404
3321
8380
54155
5143
23440
1586
32712
51550
59781
13756
834
42485
52046
16817
636
55902
35658
42681
2017
32891
56854
46922
27723
51927
42289
33521
34560
27847
56293
25974
33794
4937
42752
26958
13959
40732
14724
56118
54199
43157
45860
28839
20345
14503
16100
57459
488
51983
48486
34072
45952
34114
51305
49744
4192
48089
41286
28979
31270
30725
21845
54863
16385
2563
39288
28398
10430
43763
10805
47216
54012
30716
2332
49722
7247
17907
13611
46054
41902
12813
49867
53987
51357
35907
39267
26345
6724
38855
13006
9349
57006
49127
32525
28469
32410
32516
39176
3492
29186
27736
47849
11995
17652
56436
51608
49838
8759
38778
26537
48518
11872
15364
53910
57311
54107
51174
7461
31877
36305
375
28859
37441
32077
47991
27479
25002
3075
896
42321
31005
36521
18746
50896
42902
37889
51287
7951
58313
27286
6763
48902
16291
56813
12842
32819
9502
40117
8129
4425
38573
49172
55968
33408
21269
19609
14842
20920
47007
20601
57553
2502
39827
56409
42316
12202
19288
11492
51070
47801
36935
29757
19136
7802
27969
19886
17144
14392
3645
49368
4783
49137
55652
51470
46838
49707
6898
36038
58628
50827
45834
39625
37699
11344
57546
56804
37192
11139
13370
42544
11962
1834
54975
47758
11588
26817
37033
6279
51112
38978
24024
59695
24154
48888
24120
16085
37079
2354
19642
53434
39221
49163
19835
15078
15429
38907
23566
28100
14453
31765
629
22132
12171
17541
18416
29355
49660
56378
39683
9708
50004
57171
52460
36629
28392
6450
58196
52435
19256
18836
11508
34721
37464
16625
40211
57005
55765
33507
42120
56687
15713
41768
13762
57207
49943
16619
17040
2913
2903
52652
7086
30967
4716
45602
20087
17401
46428
56742
7643
25327
44079
4420
34010
56536
58188
7721
51807
46184
51820
42229
11127
53457
24650
23287
6061
42921
35807
4310
37580
35983
14788
43323
59177
42140
7528
49625
8593
54428
56251
44367
22419
51144
24895
23520
57337
50590
4752
31708
7593
21200
54412
58232
2559
34845
52204
7723
26490
30493
37023
8179
19698
37527
2846
36394
40717
38580
41
21903
51203
11175
20284
28894
56024
34021
33438
54261
58780
7218
24487
49815
23735
43772
14891
46487
15217
3683
32036
9962
38539
5071
56178
59250
18668
14499
18356
37336
50022
23376
53504
16107
23853
34041
40032
42352
2738
35846
9662
26902
55851
30166
19534
19041
30433
26922
19280
38826
25134
22061
25790
40206
9448
45933
24793
52699
8716
31896
6118
28377
12916
3051
11159
36568
181
23951
12630
24981
17138
9378
55227
44244
41193
7962
51349
22617
28546
25403
57978
26042
32014
7790
30073
50175
50611
18885
30721
32843
20115
1901
21832
42455
26892
18248
33264
52780
13818
37607
959
17005
7874
52464
41885
43468
36643
56236
26032
42678
55467
32509
24667
7888
28828
47444
11779
6549
51008
26475
6376
44617
46301
59385
46549
43828
36978
53169
18389
5776
19294
52260
47302
25186
40130
401
9629
38662
46467
21457
4829
13278
58196
25503
23726
16777
53100
23962
10728
57302
34791
13264
11087
4652
7698
50720
55271
13546
4938
16267
19603
35007
15199
14426
20426
55109
14154
58513
547
42345
20735
8135
21795
29514
59923
52262
13188
53881
47583
2204
50373
29881
13762
41373
30379
52134
28370
42235
20550
34500
28055
32898
13088
31739
13372
44727
33685
4933
21868
27146
40002
17658
50830
17880
9378
24101
23684
7448
46213
1311
3471
33027
247
18306
12527
40426
3262
53579
13052
34557
3846
38449
48819
46424
48193
25725
28585
41844
12324
11555
602
58158
26589
28438
14082
5380
18074
24447
54796
3975
16903
26179
18584
31076
24305
15771
53116
329
14024
9439
59778
59924
45243
15961
38862
37676
11716
15901
12611
22005
14421
16266
33626
10413
20700
43409
44256
22009
6732
39969
48534
7363
23743
4409
18853
57378
51316
44349
11248
7156
57846
30530
8761
6489
10344
15089
44198
1428
23976
45383
40864
57492
22079
49325
53924
23853
8566
5960
27652
28049
51360
5681
590
20675
26007
56723
40262
39974
46705
54095
54024
16791
49557
1024
17998
29415
16843
21038
36254
43322
1476
4746
16385
6640
44422
34654
34438
57521
379
34964
39343
27441
47477
38218
9911
10027
36791
32455
47582
35498
55483
6282
51202
26000
12981
23795
21054
20698
16100
42630
28084
49269
20793
31554
16395
1721
36003
59786
56633
43973
7665
28133
24795
2641
3473
1912
7980
1020
35596
11437
23944
12000
17530
35621
39899
1079
23863
55720
56455
41592
19346
45031
40275
45940
7071
55554
27183
8835
6904
34332
9796
19135
3708
19765
49524
30907
48596
22003
24013
52302
59179
27314
59038
18176
19508
45821
4984
34704
25311
34426
8469
27601
8431
31000
56776
20695
42071
59316
15799
54152
19332
33035
49438
42844
32411
32564
50935
57691
30063
28948
26356
51750
19044
47496
10491
43611
6109
21529
167
39130
40671
50131
8906
19016
572
6446
13918
315
18005
6931
31117
53499
37601
58523
40796
12405
33328
50747
52941
55298
1052
50224
1526
57451
38379
43643
54313
11917
47859
8742
42936
20198
54634
51540
18477
19364
24702
52208
5300
31341
49587
31258
21263
11189
16092
11242
7480
39001
5956
25542
52091
30096
6507
52993
34321
51732
50545
39430
52356
48727
30535
43138
58642
14909
12805
35584
59604
42510
42793
59569
28963
58163
23045
12025
49891
59461
57523
35873
31934
38202
9663
11942
26570
27505
39522
40125
38727
43367
9925
7948
21085
25503
50588
3738
2170
43190
53838
49309
8777
4947
36301
59505
52454
57299
42596
664
18885
2032
28395
35107
52879
23593
37656
4542
28607
38827
44949
43712
42506
42975
47368
7183
48643
26226
21372
49799
53676
24621
32266
40792
46658
55583
37978
19971
40180
16990
42473
12202
3993
43535
45881
55999
29359
57423
57323
15723
55871
43318
45537
35172
6033
4614
38642
40102
53227
48289
55104
38747
24838
23713
57652
24861
39420
26361
9015
56414
38206
50971
44566
39940
53139
36807
49986
11445
28933
17515
51215
11889
15678
10407
57404
58921
7268
32037
6854
19587
31374
19834
6104
21742
46714
45227
5807
23653
38150
39670
59085
38209
41088
49757
25703
32241
17424
7366
48471
6118
33113
11181
36952
19794
19441
17516
44187
13997
5023
31864
8732
8784
46695
56828
23717
17749
27012
19232
45494
54592
49449
50366
32260
27016
56237
8802
52284
29968
8750
41321
28127
29491
16889
3099
16564
39419
21627
55176
21428
55725
15753
16976
50969
12966
16791
21759
11345
18032
28210
31506
605
9042
11668
9931
31459
1892
29643
56605
53604
51840
4488
34366
8321
22605
38292
51284
44990
4079
56646
29588
2332
34379
8793
12877
33279
56504
38189
42951
36640
19441
4355
15887
23366
46245
41208
295
32721
29591
54650
27900
57301
24136
20316
9405
25306
39086
20555
31497
9285
55735
37947
11556
35135
40830
3977
35348
5879
27540
12601
12392
30133
8261
52602
57011
22121
16935
4831
48024
28781
3568
33491
15499
24136
58790
18133
9446
44992
13044
8869
41051
6585
57883
31215
42257
13463
47695
49892
10158
19661
36551
19862
5094
41449
48236
22341
16096
42509
37200
46530
18620
56131
23914
2628
22981
48106
6249
31288
56480
14494
8379
41882
58355
9390
1870
13516
34261
51648
18402
57184
36476
48016
43278
42887
58764
36068
45133
50490
28931
4512
52053
41657
9689
3517
16506
25804
4551
46771
32101
2175
30684
20728
5622
31917
36992
41178
40889
9395
34014
40320
57534
51183
50344
56347
11539
58131
58164
39234
44005
24114
33090
462
30122
59412
46333
21470
55401
43933
13007
10395
43605
30530
5456
50772
24701
53038
8293
24203
29243
23396
18060
46001
8074
40321
45909
52057
4356
57485
32915
16549
23887
53287
37802
31379
47381
24372
23754
19769
39699
51995
9719
5561
37230
733
43814
17348
27010
12681
37310
36894
24134
37381
37457
33582
9763
49216
36209
27508
36186
11516
46268
39768
42616
839
4416
43380
58661
48798
52062
5760
22308
36782
10898
30570
36446
24109
39155
42426
15410
13574
8714
51980
55785
8843
41523
3893
21646
46172
7032
49844
14399
23400
21114
47952
41177
59233
53123
30344
37004
49410
18079
49284
27522
2222
3581
16193
3958
58227
29689
58710
54218
32416
8312
39895
15713
13320
53430
24734
37174
15509
253
24690
18533
13464
37701
27605
20406
21353
38436
45873
13296
41114
58725
25754
12430
26025
40336
39146
20686
49594
10017
43629
27993
25041
28449
51752
659
31445
53995
50112
41287
39403
10293
37914
57622
50749
54479
16549
268
28863
50248
14004
10929
27106
27250
49902
1195
57255
3017
46184
15380
40025
10040
57899
54703
21835
55038
2139
54811
53587
40001
13039
45648
42699
49086
52176
54587
14776
57286
8937
17618
13279
15329
36193
34315
36498
57896
19107
39386
48995
43869
10952
19072
2772
53975
41757
20463
55184
7287
28225
48934
10214
1755
33656
52394
37209
53285
31559
11505
42317
22788
52288
59919
38475
35807
13092
794
17502
12428
42351
53899
50277
22523
5981
55948
18848
11622
35631
9968
27997
12510
33860
16922
737
35679
37912
6449
35954
40538
16176
2318
56115
44356
6551
48062
36876
1219
44331
25581
50636
19525
55166
48157
52086
52286
53501
25886
22022
33859
15397
18883
23080
1613
20343
20626
35799
40224
7153
34022
52550
20533
51090
23473
15813
21887
31651
29803
59401
14904
46605
4378
17467
6698
12881
48434
42173
10930
54030
39612
984
7112
45369
53306
1689
4916
52179
31469
2556
42324
16674
3484
18752
35394
22104
8355
4332
12243
10210
6706
23973
12841
18597
5836
46419
19508
15572
15938
22689
2069
35189
43404
18108
30308
2313
40839
505
17178
35905
12210
1742
7260
46576
39383
7733
33735
40211
56475
43619
50256
56895
34167
11042
22655
48644
54953
53258
23746
34291
49999
51681
52680
23766
39073
2673
39149
37624
17997
25142
58470
49475
23310
17028
37785
18577
40805
26831
18732
31978
13873
46900
43110
47331
52745
37646
21120
49040
59321
31626
57145
51631
7765
8867
31720
56265
52920
13122
35822
19435
39245
14997
50933
10170
25509
12351
23122
7718
38703
14685
10739
21938
24431
45469
53629
41788
15721
39543
17659
37412
18628
56400
23267
46896
27938
40216
9763
18385
16212
34897
38443
20582
19724
50530
7137
27512
9860
45776
12336
35356
10265
12737
32040
19250
7965
47898
14422
21215
39618
44929
16297
755
41799
15184
58653
47714
5375
58576
28381
16480
26160
23260
41804
34242
22643
46328
13961
45454
35680
30217
24274
31596
29894
34877
59501
39865
41283
4312
58140
8624
33834
5013
59461
43462
23753
31237
23553
29110
41707
9947
55288
14537
57499
37660
37148
28857
29877
43700
14212
52838
55807
40580
16288
13208
57770
38214
2725
8959
42098
21227
58730
26835
13946
56210
11828
58006
45819
38579
38689
24884
7022
10366
8287
29376
31623
34263
4676
8185
58432
50372
3928
3557
20429
39712
22548
36920
30212
7804
26791
3835
26667
21281
49182
51857
2267
16088
40077
47677
23526
8428
33446
49848
27374
30812
35620
51824
41003
56158
19241
34111
55314
57141
714
54041
4969
17663
6324
14973
19011
39392
36501
38470
2866
18429
13746
41755
4282
55262
8198
6652
12802
31148
1280
35009
48269
26787
13788
23173
31250
26391
34897
49355
40983
21885
23298
13167
13121
51798
34792
54128
47738
7128
25866
11458
50228
51693
11762
32899
28899
34121
13655
7577
15132
4403
42077
58071
25141
4086
5928
1593
25491
36908
30194
26696
7944
20056
40436
20482
41907
1027
34427
24778
21678
23604
13726
15538
58155
55911
36074
32613
59625
54792
57426
57514
29135
11410
10351
23339
37464
46428
28733
18125
40607
25303
58574
10142
45254
53082
20856
5287
10450
13007
17077
27149
13558
23203
26931
10058
36980
46434
55379
21629
53726
36349
49652
13988
14630
11627
28369
2652
44685
35213
47732
19457
21658
19917
51036
32666
7494
31290
9315
59551
51110
4008
28556
25522
44927
17901
35110
42659
4346
18015
3281
3614
44765
28880
38302
56892
33902
9744
56547
39569
47131
5636
46999
57938
58881
30013
43082
6158
29431
2816
32483
24829
27443
54
5044
27531
26787
38903
54096
20988
22149
13587
50236
33803
7333
24610
29152
25517
47623
11978
29965
11246
4936
8338
15173
34656
46163
14441
39354
47845
11793
42347
37185
16595
45102
11249
55707
1195
20033
58754
29578
43198
35523
10138
59453
49342
5611
6253
29031
10067
36583
44429
14515
32150
39014
37574
10394
56785
33746
40940
37419
8137
42809
6308
651
8382
50813
59438
36319
50194
35128
35835
50371
46717
48285
44861
8956
28311
47862
58128
34499
57688
59235
55550
4285
44271
4453
32075
51278
10615
56727
55609
13609
9209
37549
5857
43628
14294
31530
5135
7053
1272
12322
12413
1649
42414
20728
24622
17449
12437
35688
33300
38653
26711
32862
55961
21220
40779
33050
8620
2609
54596
44829
26050
13895
36124
54409
42244
29821
30005
32183
13784
35569
3373
20905
25410
34090
17326
42368
44476
37431
22939
15601
22770
36890
21940
55797
56305
30766
15683
23664
34909
8402
57758
14130
13722
31932
39526
25959
24286
28413
54798
36179
48112
6739
58663
46674
48457
28986
33485
55702
10572
51003
13539
50471
52881
10793
46799
3079
57062
46183
23350
4654
8534
798
39202
59637
2558
38609
52307
46588
41758
34060
27393
13503
49327
11487
32748
30946
37532
36868
11413
52318
45702
35225
7973
12219
21786
45329
9659
17221
59308
50073
23424
59321
37782
29159
25164
53324
16673
7133
29665
27916
57413
2371
13291
51534
36155
30489
54449
3926
3261
23567
29761
25617
37542
41991
34920
42481
24083
37553
12602
5433
11634
29293
25328
36930
27531
30206
33871
37086
43923
17837
46437
14555
41882
53409
50303
10337
6161
53886
46001
22908
58454
37069
52231
6649
33315
44375
53657
23233
18363
59169
16067
49672
35749
27622
48003
54625
37513
561
36659
57145
30963
12986
22664
30700
43857
38166
46874
23072
3872
52914
22875
47052
50161
22452
58598
8675
22891
2992
2807
38961
8405
8062
21600
1147
45819
24795
31376
34562
36746
31765
34406
32939
56174
2943
19357
41827
15887
55254
23830
37674
39230
10027
51315
19460
48608
7863
21697
35121
26581
17673
30076
24899
13743
2438
18729
9819
45400
27251
1050
5349
48141
51294
7181
44817
16758
30148
33500
35856
32713
19407
18095
47276
2524
23430
14366
18608
21005
30293
5590
4994
35475
59600
12239
1480
3081
22562
11953
8945
48070
496
47253
3678
10128
18244
8128
45892
15705
33300
42690
18413
36039
25857
44813
53731
5336
52813
43011
34493
59559
9555
7544
58
2112
42960
27849
10888
28426
47318
6011
5625
59521
35242
9468
8599
48681
8234
9744
43109
55953
25522
3056
48740
5189
6298
38654
5134
56618
49353
19667
57920
43844
22675
46774
36472
8681
55425
33379
33050
5639
59170
38817
6184
5512
12049
8037
26973
28561
9778
57085
43529
42218
26113
46430
15148
39317
53411
22975
28433
4994
27974
18843
40065
53957
4906
33068
16741
59075
35323
57097
30919
34245
36703
33315
26393
18147
54520
48139
53480
57343
24683
35771
12714
57816
10194
48874
56526
19094
21535
5748
31695
54928
23447
2331
4400
15141
58373
46423
25336
12099
33782
3370
865
43567
12009
59622
12005
53
36932
15294
43003
48723
38458
31471
55833
8315
49116
48746
52439
41684
27651
19265
56682
20939
25624
15511
25256
5332
5527
11475
27126
22301
40616
33541
15161
57111
30317
2358
20672
46946
58437
44516
33727
3001
19613
38941
33485
9623
58177
47611
25974
4547
12928
27815
13744
34659
10469
54039
40107
7161
47502
11213
11343
25010
57419
52862
55955
48515
10993
22241
25782
49060
6432
17236
13561
30200
11012
58456
32250
1532
9354
10461
33732
4877
14104
822
48624
26634
56370
53383
27047
24344
33321
9306
4968
14046
32090
47721
52405
24276
51326
39593
4317
51902
55554
44692
53961
45479
37871
53425
27169
1059
46663
29431
41899
38802
5257
18694
5043
34148
36851
29666
44299
29767
28685
16888
55608
38920
38841
24385
36443
27635
11750
46417
40989
17848
7998
43989
45200
42616
32308
37882
29047
42671
22274
49358
52469
31990
50167
32693
50210
9001
39865
16792
36504
40008
41434
55838
40298
27434
891
45349
31573
24545
35505
25069
923
9545
16443
37652
49536
40124
56833
1752
24062
36683
17986
39122
52603
20446
50314
13849
40329
8396
55651
32751
41209
20735
26492
56887
54602
4817
37669
19135
41143
37543
3923
56385
22028
55375
9273
38146
1990
13852
21648
26242
34657
33681
37679
4426
58436
45290
17681
2882
58774
9329
53364
12921
49163
5746
32564
24723
45033
34969
47210
11056
24210
22868
44184
1551
40676
45949
55176
41819
55798
7617
29606
6438
51859
37502
30717
37447
48089
9416
2091
25994
744
11745
34885
9763
54529
36469
967
4141
14142
12588
26125
7023
14435
50316
31923
22869
38290
45990
42355
50267
28627
7333
33113
29829
26110
23853
9928
54326
8964
18482
4973
29075
8956
942
6783
20906
46573
26881
37124
55849
23872
26790
7019
56756
54147
55912
14602
11100
44726
4302
25449
6434
10243
55798
47859
37703
35405
30
53208
29895
35472
34076
19892
35782
22656
55524
14712
22903
18419
32966
25526
25908
59004
35904
13550
40195
25617
56733
39853
34591
25684
33325
41930
30306
52831
17284
12122
52514
51269
37618
42608
55429
194
125
5879
42010
23448
59041
19019
22094
212
24100
54784
35515
47649
51531
1306
38253
5664
32098
38582
16912
2238
17305
57647
31077
17126
30674
54108
32740
46981
20804
192
57921
24414
47973
3717
6878
23299
55087
30874
27683
47652
31016
30830
42438
57867
15853
47633
13056
29091
13567
11176
52122
37475
38617
2334
19105
10341
4790
18463
39091
39615
7619
23212
24140
55850
17648
57160
42709
2582
2540
27509
18044
4166
20528
44649
24451
53943
36001
38255
43878
44774
27371
52186
55146
23237
39678
328
10442
53374
34028
29645
38410
28162
57187
23083
53390
19979
36775
28899
16826
48434
54438
20038
48159
45669
51771
25262
21785
46706
4205
17940
43192
36326
22617
35067
31297
57729
32311
28592
36885
53644
5731
11892
27729
17227
28503
19355
5504
58452
38195
13804
38579
17067
22736
24884
1366
30755
26424
3853
17839
19946
42842
28153
2171
26909
3288
5221
55451
58068
22242
9027
12171
57992
44613
57427
28750
37715
21282
34897
28609
14640
51223
4120
13004
46683
32791
20007
39995
39149
40831
17045
47960
27366
2300
42595
35317
3516
37417
14144
26512
12567
34241
2528
13911
56951
56864
59039
23048
9453
23703
58280
43071
37867
44044
24613
1344
2129
10696
30320
46755
7677
4421
48382
21252
11959
51821
48132
33484
49622
30875
3440
14139
12905
10053
48393
161
36424
23575
635
35215
51938
35448
2356
2878
32451
7047
37189
25192
50470
37617
4429
17382
58363
42291
53164
28360
44844
24076
50046
50970
9290
49725
31298
52721
21769
30251
46774
7645
43216
13932
21075
2349
23944
55014
58041
19355
13919
43241
44413
23114
20400
23452
19878
39859
15314
42015
9384
1354
10292
3397
47264
8265
16878
2857
17487
40503
24020
40376
46499
21874
57561
22751
822
13136
16003
7942
42742
58296
25892
50489
27962
22302
27246
43635
59169
35812
39584
58299
14425
38894
56004
38305
32917
4265
38722
58440
39685
32542
2075
4260
46219
31172
6283
25532
43383
12910
42571
56919
51328
42742
23835
35699
51718
33495
50087
37927
27600
7190
9721
45559
23540
19680
14169
34615
31925
52773
53664
2030
19493
19221
3797
2168
24747
28106
12478
25003
56118
57613
46145
25942
20301
56676
53964
56045
51787
39819
37964
840
13508
36912
51015
2097
52151
38517
39540
9633
41464
7914
43685
55819
34359
42187
50531
4534
53875
22329
53800
34560
17475
17267
47710
50284
27266
18239
2211
14888
44296
31833
11538
17165
43818
30638
6725
48372
54825
9635
9560
34168
54278
57157
14541
58986
7028
12271
42019
10380
35061
40301
54602
30677
9075
35812
43551
36807
36446
10716
33720
29712
51533
13838
40946
17024
19342
22650
6279
4968
2980
52144
48619
25826
31076
46124
55884
32934
58426
51590
26127
29659
20093
42652
6412
6348
42617
34025
8736
39751
30818
22499
54951
45369
54314
4032
35702
13388
25237
2067
30216
25696
54422
43390
499
11925
24366
2886
48834
34956
3004
49524
36590
36268
2040
28463
29300
27866
39154
4708
32792
24105
58498
5207
55807
42488
29346
18252
34954
24380
31910
56409
32410
42055
13538
37991
48621
8302
49637
34474
3674
26760
45384
44042
179
40407
42037
15383
21306
53626
34352
35909
31912
23223
37662
36580
53499
48315
50472
46761
34957
34237
495
30041
50808
27711
15558
1987
48746
29869
23117
35625
25183
32083
21693
44694
22447
34842
31992
39541
57095
13980
23015
42023
6770
18160
949
16709
28091
50016
57095
21851
591
11854
19307
29184
5060
11432
3574
27990
57426
41595
58821
36979
16495
32629
15240
30388
57028
48680
59770
49256
31409
31866
36124
30897
45635
43626
43643
22083
14960
21654
57244
11507
58073
47568
53568
24045
16319
15380
1099
12285
22769
42679
38344
15320
4334
17864
2366
18417
59893
52077
27198
24812
41430
24577
50332
57158
18302
5948
11582
47738
23326
55813
26376
27268
23399
1410
1474
38015
4864
26282
2780
32286
17160
51636
20523
42454
43607
24771
13842
17968
37680
3255
36253
5036
21642
50364
53372
9343
28322
41073
31249
58079
33646
22694
35329
41298
8931
1779
43271
6548
10219
6705
55973
23120
56209
1526
25413
37233
12302
5403
41012
57039
6866
53702
28830
6769
30175
30914
13110
48824
56965
38061
24642
27022
47652
36084
53179
25391
29645
12422
41703
32494
38853
52297
34223
2623
46925
40279
8517
32955
48540
14543
8096
35434
50612
22533
58
30392
31360
43640
9697
52967
16661
50352
22123
33770
18134
17895
7056
33621
39567
17574
15691
40974
5507
50873
42524
18380
37463
6652
39990
57474
32487
21083
35335
35084
11050
29491
28383
55315
49779
53414
57642
16860
22607
56656
47187
43456
17906
25455
15965
8838
129
46592
33152
23331
30121
48856
10781
20647
44448
29516
9985
36582
33215
2057
53658
54197
42216
40457
8007
38977
18495
48097
16187
18893
22543
20025
41863
46366
36827
40793
5298
52012
28124
9502
32793
805
51656
26952
29924
1906
45013
56013
54150
29823
35312
12525
23244
52762
10483
25645
17571
48722
42928
41366
35214
30626
9499
6251
57664
51644
15103
16699
22307
28045
36273
25136
39303
15323
14761
50262
8668
14432
8689
33077
47591
46811
25417
42938
41044
33559
44644
21896
25589
22319
10904
47766
3593
30050
39515
27857
59667
44142
549
20074
11135
21962
49305
26750
5476
26899
43340
26682
52373
2933
2268
55570
19637
7824
54766
56721
17296
32637
47681
33715
48277
53005
853
42580
12633
56159
18010
5205
30964
31250
2633
9005
10929
9823
29297
17114
52608
870
23187
25096
25095
51092
37875
48756
56392
43070
48546
12435
35629
50220
2227
17666
49013
18030
52
45940
36477
41087
43699
30359
19624
29198
49892
36529
34485
40362
46135
17812
56368
24179
27871
35665
43414
37727
48072
25776
25742
31043
441
15333
46177
12172
37186
19926
28287
7771
35954
86
55614
46662
46181
15446
33429
39330
17047
2296
24139
20407
54967
58940
4993
55615
25950
31194
49469
37165
20253
29416
24206
9893
33279
33379
32513
30288
53482
55749
1925
43766
39676
3496
1044
13509
7655
34116
54271
51362
15315
16141
42605
12500
18909
44867
6896
34747
3497
3926
6015
13186
13418
13441
34562
6151
26788
5610
54787
9589
2345
3798
55926
30474
12494
1870
14846
16383
23478
49983
14305
27580
2623
54467
27222
21286
30474
37073
28921
56015
37390
183
18692
14396
24830
15139
59890
26406
12392
18376
22771
49830
51928
38488
24810
14655
970
28018
29396
58460
24101
12715
12298
13730
38399
19475
27187
7384
11162
22508
26891
10526
57313
56202
56860
9574
30203
38722
7848
26419
55980
57414
18414
11748
34253
31281
19647
32816
38956
32283
38757
48039
35247
13733
47379
48152
1698
32895
54513
50757
44499
21231
7080
212
21217
3460
8507
43536
57902
37815
4271
5357
43391
11187
23588
58190
20908
5869
11677
32592
479
35532
44421
21717
38924
34671
28767
29805
9841
28219
46856
12991
22647
48412
10391
11272
27827
46070
47185
8013
12605
26396
12992
12333
2093
25812
36187
8619
15863
27738
36494
16794
41265
31392
27179
34910
14128
46125
25235
26361
45834
2897
17754
20849
12946
29296
3432
53380
47218
50979
3542
49664
38691
40849
34798
8440
18773
33511
28071
29041
58873
43452
38880
55775
59399
55915
12302
25999
47730
28162
29899
58667
10576
57726
56822
38828
49562
20923
25788
50048
9896
46813
38881
37987
21987
17060
49180
29912
20959
9571
56740
15475
55074
38462
40411
37636
31922
6678
44768
29600
22004
16170
15963
36769
36890
1254
31198
19885
48017
32155
35440
44913
59045
36041
56084
25375
4566
12775
14344
4539
54810
33147
15894
13477
2328
42735
22613
1154
31812
40752
43346
55115
55450
57538
50764
13791
8585
4007
3308
39733
11336
36837
22962
43468
54390
30140
42494
21969
15228
53011
23834
32326
30588
15177
18570
18840
38846
48288
47141
9163
15440
23337
36325
37183
23672
44343
8879
39389
53126
56178
43084
51399
19342
51864
10520
40181
34515
37172
48949
17849
44283
30375
32325
52862
42707
8403
40395
42476
38941
53790
3294
31708
12786
21792
19175
7604
30307
32631
26112
15134
3751
8506
42329
55282
18368
962
35550
16048
19100
48196
22487
21920
38413
49717
21060
44733
56754
47507
16215
26644
59392
9280
29362
11083
59483
616
25365
16102
29508
42631
44285
429
33154
4646
5814
37903
28797
42415
45579
2784
56270
52302
40243
25749
38342
30187
21030
40168
59947
23482
20733
6586
23913
52328
51568
21289
18095
15373
29574
28663
2380
45094
50379
45553
23898
7274
8161
7711
19457
10136
31762
51542
44052
40634
45183
23391
9248
37674
11636
46264
55965
39414
29094
25974
14673
52652
2878
26315
33807
10539
35696
12374
29915
24865
15919
4241
53
23637
49508
31827
44394
44266
13451
53530
35255
54487
32050
39720
58085
11137
37169
43939
44776
5027
19996
25138
1158
3435
21406
1791
49989
3512
13445
42915
32077
25536
51976
22604
19441
16701
23556
14083
46781
50928
29540
7532
54949
11554
41185
11717
21207
59920
38238
9100
19093
46519
31327
18065
6448
28600
18295
22729
37967
12679
43190
4632
54477
52296
33602
53076
22867
12716
19754
56675
49294
3663
58333
16063
26966
12176
38832
59411
6908
9791
21039
59974
25096
32564
8517
9073
58280
49959
20716
8181
15967
27796
51175
40819
1194
9496
15019
28607
45863
39103
5759
41295
47143
36553
4386
25712
24843
37063
21947
2268
38261
13326
24034
35997
23053
42020
40322
38051
27707
34296
57427
35852
13032
40326
57854
31071
25594
35670
1357
15161
58871
5177
7114
23801
33589
3570
12473
55462
836
31049
46505
7199
50185
29146
41489
6680
23328
45509
58579
28066
14278
33390
45152
9567
28676
54285
11322
23034
14171
39162
55027
19625
29364
21451
44523
46268
1711
52672
19663
11617
20538
19354
24862
39779
58212
57240
19002
17571
28452
30266
58202
34422
40496
16467
48092
4718
51878
19697
45247
19006
57074
50560
37024
50403
22466
11231
4725
27283
56442
33402
47298
2940
32760
52794
20212
18976
54472
52324
53439
22373
21975
15148
22660
35635
25783
56635
9258
54125
25028
12869
41347
3435
49668
36967
20548
47344
49981
55520
46151
2072
13193
12788
7944
29393
25226
41201
26169
38608
13720
6735
40464
22052
34062
12451
48441
6686
30517
47134
48477
21824
52656
54781
30162
59093
50599
412
7004
3322
33059
26116
58271
33232
39805
4133
26028
10651
11185
14131
34808
17738
16022
42756
3151
26572
2660
13884
1224
38960
8861
11882
32098
7798
54333
28601
34267
15624
19363
27711
7979
22456
16237
8313
18210
18105
9142
54046
21179
497
52387
43649
1155
61
207
30798
49126
48044
37536
9851
48180
6365
47189
17878
19009
47037
47331
34185
48526
9907
5327
38180
15002
7300
4781
34147
31401
24930
11251
43955
16484
20623
35386
26780
362
27854
52784
49138
2670
31919
12
59996
45575
13744
14235
17255
59970
12575
58258
48846
46701
30043
45133
18141
25366
5522
59161
37834
46275
10858
50806
6553
23030
20599
35079
34129
51276
8104
55171
41947
31526
32756
2138
14325
56691
30872
28777
20997
29407
26456
45721
55003
43538
6780
39073
36671
24350
18276
55337
10720
18321
21934
50510
1678
14260
8612
38995
57342
33985
56732
32358
25998
9791
5647
18724
10041
24171
16051
43939
24769
17431
51113
57564
31719
17264
51046
4414
25279
55370
18379
26417
21804
53352
23031
31109
16501
53326
9741
40161
3588
3194
52886
45970
14502
4162
5610
36641
27434
8405
52758
35803
57341
16773
26974
54002
22697
25496
28191
44789
55457
27528
20409
36970
57290
49884
48719
49683
21286
26209
18145
58287
27121
16812
5642
8009
1919
17117
48341
34858
10033
49999
11545
36409
38696
7849
28741
47720
34233
14207
54120
35933
18310
34583
52031
41224
24073
33750
24616
49828
43798
19160
59793
4473
38797
36633
16252
46491
54203
16736
29792
35200
54725
43841
56479
50699
33323
4395
11475
26693
5762
48506
55709
36017
35483
5647
40850
11289
15076
33688
29993
50174
21457
46748
10770
12899
2500
8677
58612
37240
53347
14978
30763
12011
30402
25952
28969
8409
29536
15475
50
57583
17114
8713
46301
33266
38159
37129
16308
8694
33819
21699
25339
10420
28077
26470
14933
38309
30418
35499
25871
12806
50208
57654
45758
39933
22164
46006
44365
41802
34325
44874
7413
18873
5710
53115
50964
52854
32929
35668
40007
17347
3193
20834
7063
27809
41785
27036
49519
14659
3416
34911
23348
6705
51924
27502
37691
31577
39318
25752
27147
58658
14849
43199
35688
39959
7089
41163
6490
51547
48565
25858
57403
58648
41368
55556
55396
14166
17663
32752
58258
11068
6871
35644
56422
1891
41300
44396
58187
33466
42818
58572
54441
56621
43444
52655
26079
22356
808
8713
3144
26425
11554
30224
44008
51257
43083
46952
53767
44144
49357
46159
46803
53947
34983
44920
27966
52364
3816
16297
19699
22639
50487
27919
3725
54205
25776
59160
42943
18332
18917
54343
50151
35918
13400
41964
5527
39887
21149
52365
46053
24935
35464
17440
36496
44259
37291
55816
22260
3916
32741
26243
55696
47351
15251
28868
50964
13844
44512
48573
48080
30108
15463
54837
42988
21372
15327
59762
33906
17762
47864
42188
19318
56803
48628
19897
46425
35946
345
56446
54661
49041
20290
10021
55120
27534
48969
47533
44957
51560
57579
22147
11339
30204
376
57766
44029
4667
43228
57388
7919
1883
21765
1705
59764
38123
24733
59256
37708
9800
52553
53219
8348
6136
27551
39941
48901
834
45444
46579
57023
17890
6521
12675
18477
10643
17451
5552
7507
53747
6667
25982
18577
46059
16095
37828
12640
644
49077
14439
35737
41268
25837
15593
56142
8753
15740
2546
43152
27797
13230
484
4679
6201
614
58168
43150
6784
