6380
8195
1570
3591
271
8266
8595
134
9814
2072
1021
304
5552
3078
4956
3160
5089
1425
9926
127
5839
9302
526
2421
5478
8432
7074
4595
2211
5494
6604
4962
3468
6258
1213
8775
1798
4915
9317
9441
7639
6470
8716
5225
114
6032
1623
2491
6402
9894
4291
8076
4673
1515
9138
8376
8207
7179
6308
4381
5618
970
4069
3889
8069
8270
8794
9843
7739
6122
5916
6418
1739
1957
5224
7370
947
2078
7548
9758
370
9581
7669
8074
5804
4631
2897
6534
3286
3203
5539
4477
6468
5034
9129
1987
9443
9344
8085
9055
5398
213
4343
9275
543
4444
5769
6556
3041
659
7588
5420
7309
6977
8037
3891
1860
2750
2009
4526
4180
5667
1022
7827
8808
9854
8959
1317
1018
374
2550
5397
9257
4630
4028
5303
1868
3918
1624
854
9875
1393
9137
686
3644
1211
3460
1259
6987
8535
6302
2801
4101
2749
1444
9474
9796
7555
7385
8387
2794
838
7827
3539
8243
2049
7907
8972
6139
3690
8304
6124
7999
415
817
8747
3966
1381
2843
4680
9425
1814
5108
2390
4148
4829
8673
4346
7999
4692
6099
3433
4450
4931
8330
5198
8968
1148
1550
2388
4997
6681
2879
8559
933
3456
3096
2670
8833
1709
3490
6332
1303
8517
2964
6974
9959
2177
8314
1591
399
8907
4969
4264
7928
542
614
8474
6460
3299
1094
5464
2495
9336
9100
683
3501
9958
6038
2459
2499
8668
8801
4792
2432
9603
4316
8001
611
3884
9360
9508
5193
9441
3006
6803
83
1949
9315
4277
248
3358
6382
8080
4066
6722
5877
4741
5617
7631
6755
7286
5757
4097
277
6599
7696
3437
6214
43
2399
1781
4710
3106
7993
9031
7446
2379
4720
9527
9578
7976
2876
7686
2902
7699
4369
2921
3122
8460
2289
9095
962
9452
2139
2068
8047
5907
2954
2054
4702
3219
1271
1609
3590
2842
2233
8298
8975
1181
4445
981
2943
4585
9724
7383
5623
4827
455
9600
1278
1599
4842
8774
8822
7132
3879
7355
3158
4753
4934
2068
1791
9552
1756
4913
9110
6339
7116
7134
8851
4136
7154
6929
1372
8567
9106
2162
8333
8800
7695
4658
3369
3755
317
9406
6127
4816
220
4998
4255
5561
3141
3444
8208
5315
793
3757
6261
7520
1543
7737
3702
5904
874
5410
4045
258
4517
3149
1977
922
8376
278
4742
5295
3646
5543
9461
1698
8479
5161
6782
4804
6836
3122
7156
8377
6556
4298
7260
726
7112
4670
4896
866
5911
9544
2390
4900
9036
5607
4730
3985
5740
7712
2270
773
7013
4721
9379
5367
1294
5591
1574
1982
2338
5942
6440
6683
1996
338
6973
5531
3704
1653
8326
3609
4990
8729
850
766
3776
816
7138
9255
6475
6711
7881
9620
5489
5543
8524
5121
3668
6926
3219
9953
6185
9867
7237
8394
8917
311
8434
7691
9282
1299
9066
5214
3906
8867
894
930
9257
8272
2199
1036
9079
2692
374
1698
224
8527
5425
7523
7314
1194
4347
4606
