500
6540
2508
8065
3712
6470
6590
4563
1649
4601
5685
6512
7864
7655
1448
5276
7295
3340
3016
5677
7014
5507
1153
185
3359
381
9093
2158
1037
3605
9424
9029
6035
1928
3419
8258
5870
924
472
5071
1657
5051
9498
5005
7681
880
1715
5174
6260
1930
274
7580
8231
4576
1642
3985
2580
7151
2425
7451
4165
505
429
3883
2257
7123
9926
7608
2174
7176
7813
895
6898
36
1655
7616
4812
3390
2608
8580
6091
1439
7723
287
9376
9977
5238
4376
6865
3553
7239
2736
167
152
8952
5964
6521
4470
4292
330
107
6539
6744
8389
4147
6315
542
7905
6181
2087
7057
7946
4416
6249
8225
3621
3508
2035
6365
2084
2424
6112
1715
7243
3409
6278
4776
3028
3299
4495
3292
5269
2443
9159
5252
707
7927
8752
1027
6433
4979
5398
4090
609
8178
633
5621
7770
2193
322
6089
9412
6250
824
7186
8589
7807
9490
8852
2292
7555
9545
1429
6487
5441
9981
4221
7788
4289
474
2571
4518
2609
9861
7785
9466
2396
367
3878
474
1141
3098
4479
3267
4462
775
5262
3637
999
7637
813
8263
3746
7288
5929
6630
7602
443
8470
5874
1481
1110
1247
8944
1285
2886
9580
1934
2166
5118
2121
3806
4879
5126
1976
4215
9526
3756
9862
2818
2931
1551
4233
7444
8693
6300
3846
9241
6632
4421
4507
5707
8490
3203
1110
1371
3414
5930
2805
8322
5251
7756
6962
6839
7960
3873
559
3173
7751
1677
5367
9667
9691
3051
3619
2290
4487
9106
14
5323
6084
1281
9050
5968
1069
6562
2556
3755
9853
2071
9913
5562
6108
1324
284
8088
9401
7919
6564
9380
7964
5997
1505
7356
3192
6009
6822
6545
6746
2074
9415
8422
9191
6937
723
8859
3179
86
4432
1029
6514
4381
3793
5757
1664
758
1666
9914
4715
749
9792
6589
4873
3705
6971
1788
6207
2247
9993
6507
8333
7880
7854
9822
2988
725
663
1555
9394
370
9758
5361
5051
4357
8596
6065
8886
7118
9358
141
1577
5393
3776
330
9436
112
2389
8256
7024
7767
9038
8796
4299
457
636
2481
7745
9142
4124
7299
4485
6740
8968
5035
8402
2242
9123
5828
8743
3123
8865
375
8663
7595
374
7245
9416
9606
6764
1929
1294
1183
443
8325
8120
5950
7179
6342
8446
1046
9313
1265
3607
6039
2820
8421
620
776
1664
4846
6778
9328
6217
5300
7657
3478
3165
5063
453
6521
1639
6424
5440
5216
2034
9021
7387
129
6484
594
5791
9211
4624
5885
7370
936
4162
572
6733
4201
2700
6407
7165
5927
6318
9706
8100
3934
4874
4617
6896
6548
7655
1866
9740
9784
1733
9654
3940
2482
6182
1995
3198
7852
1340
893
1133
972
9842
9499
1145
9029
9903
4830
2592
4919
5060
5678
1100
2125
559
9266
3861
6139
8036
1956
9046
1972
9519
9171
5843
2672
7232
6229
8383
7710
2525
6691
3355
9148
6029
8568
7386
6998
2565
6762
5683
951
3978
9975
