9324
32414
40726
51076
25352
10404
24320
35532
23929
35463
40171
26207
45132
52222
29955
29608
21488
19871
7023
34382
2694
37403
32512
5389
53531
29517
557
21186
21844
9531
25361
56795
59659
42947
5452
743
33297
55549
40954
22954
13698
44359
6567
341
16166
26566
16913
47951
49911
17887
58528
23859
43573
56187
52931
45923
6320
38874
51190
3908
9293
26843
48359
24678
10778
7792
31637
49033
42072
6899
22197
34976
27465
53571
47814
32922
24833
40741
6741
18829
49475
2055
19668
10957
36800
54978
47686
53900
867
36495
59413
43983
10021
47541
37207
933
43063
22499
47105
21988
44971
42396
57009
29898
56506
29985
4461
39534
46226
2014
40054
5062
47180
13345
40413
4940
50712
20470
17189
21453
41494
51023
5419
14141
158
350
50496
57143
4442
39125
37993
9644
14323
16863
47850
35569
17969
44995
1956
41130
2740
41858
43786
28511
8249
3345
33179
22498
19139
38108
15172
19308
47822
22844
57221
8411
48341
21842
50559
7541
33899
48623
50005
429
37195
4449
2072
7587
56044
31413
39186
39687
36397
40657
43944
25306
5658
58857
16658
30540
5631
30093
45969
19810
31167
49295
59939
16105
35668
27974
59725
33656
27182
1403
42656
14389
50811
32995
35469
6133
51518
59954
17624
47080
2044
36864
11011
28127
56393
7261
16071
1784
24580
41336
34743
52321
42320
18596
58971
10478
1701
52091
59435
54914
16711
24633
53084
50833
59241
58998
39707
41092
53919
40419
22817
28348
51526
24204
33609
55672
213
38811
15668
3660
7036
13064
45306
3417
10783
42463
14561
17298
48074
51751
26633
3032
46256
58294
34563
43298
43560
6684
50170
48060
16032
2558
13345
31606
20703
55628
43796
21005
44338
21025
10693
500
9525
57463
52772
18955
57284
49500
13556
34055
1041
33779
31332
19984
59247
10162
34348
19267
1292
42705
31258
18314
18860
5503
58633
6887
15983
13039
4723
28914
21356
10445
43578
59343
46701
1336
16541
579
47608
38282
953
31363
30591
29097
8679
42416
17486
50381
20169
14905
40194
44768
43217
5002
56887
29691
44708
9023
57900
54036
23266
57180
1997
8212
27261
48218
51486
24419
39247
21980
3941
20933
42130
12854
11932
17534
51054
29651
41737
10687
31787
4037
26094
50198
46078
37275
21491
44029
12035
46767
54998
50217
21180
17221
59584
36710
37714
31160
46742
32060
30358
37046
41480
8491
15495
34251
37025
52851
13202
55672
22019
27784
46860
37180
25277
8018
23656
20414
38359
43421
54930
17492
22928
40716
6451
50825
28891
26125
29823
879
11418
16288
649
30992
39859
19304
4216
51912
19541
35116
51289
26552
17018
33961
44765
12611
52441
40001
56145
14357
16978
54708
16770
36173
6240
1260
43770
52535
41583
27372
15816
19333
18980
20248
26771
53253
20737
41394
32988
42626
16526
45055
5779
28322
58199
8631
35211
17917
40634
35744
27951
1379
8554
19813
51634
55612
27842
7861
52315
14571
33924
40327
2090
35137
8577
1473
46485
21700
36135
12714
45153
41220
42526
44971
32319
22980
14744
42591
49994
25022
43325
46791
14126
30659
51692
2656
57828
145
27935
2201
22003
37306
3701
28081
10430
21387
21800
25535
48167
25885
25026
50261
41905
34461
26539
44175
5768
27814
33337
56645
14762
613
43805
12266
1138
58066
23958
8548
20408
51764
44807
17549
15103
14702
57898
24259
5574
14582
43811
21010
59951
44802
41056
56418
25398
11655
21121
6835
40510
16106
8721
49734
29068
36751
3757
9765
55272
39819
4424
47338
14713
34237
12253
30476
11008
2722
26568
356
32526
33865
48507
36168
877
34212
21136
41508
53642
5246
9437
2993
47021
30734
57983
54910
14955
8962
20511
37511
24751
40720
34786
7130
33674
55038
59212
26784
28990
25945
12219
13448
50511
14646
29485
8227
47337
19076
53624
2939
32135
36751
53728
37290
32973
641
48205
3618
22417
9821
40671
48091
6187
14602
11551
7157
9962
24410
13216
13386
7052
14452
38046
12174
23947
14920
22796
49530
47650
51434
7931
6875
33736
1819
14402
4185
28464
9075
35221
21941
9222
16487
36979
40088
11688
51936
46657
5805
52662
27185
30872
45339
15384
1481
33631
40251
19439
29977
6774
9074
4092
58555
22054
17038
24924
58269
2669
183
46969
42871
45331
2667
49098
11961
59013
38497
31329
28434
42925
23253
38233
12819
38124
47435
58059
11089
48018
35650
44939
4419
18461
47381
47171
59902
26078
1737
2712
7283
42475
42911
27766
35699
2061
46599
22637
3056
24638
30382
14030
35210
29693
10246
37967
11882
6519
50029
2869
40836
20120
16819
18892
31752
22960
3332
24097
51914
2781
17212
10513
1249
56728
41169
794
32040
14580
9538
867
51925
40932
56232
14791
27114
18878
47277
12921
36211
21667
40796
17311
57458
10511
48778
8132
6459
39071
20791
49892
28614
23389
18497
6727
50418
16987
51147
27021
4439
48127
37237
55752
44742
47453
13877
49833
58608
2346
52387
45173
22224
58626
17080
33134
40072
27697
44855
54963
58098
35030
57493
48911
36664
42298
46126
53009
13846
41871
2158
5933
2059
47465
36606
14871
14926
20616
47131
39899
14763
30727
14501
57737
8846
31849
44980
46315
11321
2730
55406
37080
31853
1361
6046
43242
9266
35751
38628
23128
17152
46070
12332
29980
56007
43337
7905
58566
53420
56015
24867
23794
37425
19050
51890
7859
14006
14213
43433
1168
4037
44353
23910
51293
20966
3698
56014
22066
28679
10092
22299
3099
49981
55141
8487
35907
33553
54769
19284
6575
15058
36082
58857
46304
59226
50705
56052
49672
26248
17160
41364
11850
48588
46720
15872
32551
41861
1102
59127
46241
25618
51596
23791
27534
45193
12363
26596
36986
32287
53715
11988
44210
13916
3749
19010
6841
3647
13580
23216
22536
37305
13844
4980
56558
3076
53217
49672
59987
14252
1906
17174
28647
56601
30643
51425
8724
3941
47281
14518
42566
54693
28643
51279
47581
34662
33918
57024
34834
5064
23339
44628
9209
13155
28475
11316
5203
12433
25120
59473
36525
26618
49093
45330
46816
4822
12379
33892
35677
13429
43403
24004
25627
927
32249
40883
40960
35693
5697
41124
37926
11005
17277
32921
23219
43245
58840
26783
57811
4181
2079
56722
18686
30709
26059
13111
39542
56164
48050
49609
18000
12656
9572
16613
48264
9743
47415
18698
55136
56747
51172
12087
48134
15595
50160
22845
39568
14759
33095
25738
47204
5476
55138
10347
57155
15704
33363
8573
50912
48571
35320
50518
46808
32731
45673
46051
57254
35232
57956
48570
51120
14396
14691
32740
54235
43879
57720
53077
16654
37507
15556
4410
38411
39006
680
55327
4820
21041
10875
46193
6943
7710
11446
5512
11145
7110
28713
11373
54029
34193
36976
19399
37947
4224
43217
41838
8129
56878
35394
20965
59497
30798
51384
23303
52613
21140
40135
30911
48222
54024
15006
24162
36627
4756
27854
6888
18803
12254
44535
41678
27284
51425
33639
17894
35811
2055
1261
44878
42372
6639
27969
8721
58649
48940
7424
13580
56560
25819
59367
25739
39098
52283
59834
43641
24440
34987
28639
20120
14030
31902
48180
2431
654
21982
57281
57632
12225
20453
46879
54638
3998
26466
25461
58314
34689
14966
38743
39692
20220
51759
48667
55467
18366
3373
48515
8342
5831
52739
12926
40555
4028
58295
15647
560
53571
11081
43796
40628
429
41903
30796
37457
25587
26763
40853
36458
27720
37472
54221
47029
50966
59690
57117
44388
5576
59549
46963
41330
51260
55448
22169
40838
10303
18080
59000
46119
7146
20656
2481
12768
47060
21476
53466
45687
40240
57192
30948
19407
47666
18461
59484
11228
28483
11087
13245
3004
41408
31193
58367
46027
46108
14150
51804
7204
52761
1194
43273
51685
7789
44512
37418
47198
43174
421
27622
8381
15874
4265
46342
54447
28706
45915
25839
23097
46769
16351
57510
7616
50933
43013
21789
46984
3654
42639
50571
7905
37829
49818
19880
52003
8395
54745
25586
2163
40022
27999
14296
25148
43933
11563
25013
53616
33653
40618
13946
28798
44795
22961
33072
51903
40119
52813
16703
45921
7024
27409
27958
47129
51967
42531
12978
51766
46179
9179
46181
18253
2142
57961
10695
29642
32259
40198
25277
28866
4053
20682
5243
45556
9524
46668
9514
55845
59622
39347
59231
3845
22426
48292
9302
32578
13178
54763
55142
50280
50642
5039
59736
43834
25377
38918
33247
20442
59639
55620
37891
17139
31885
38628
40871
44479
19735
2927
2509
10409
56153
15302
26108
16919
47022
6048
49756
19785
35613
59067
11325
20786
44629
4713
643
25617
58335
15519
19066
23547
19529
29609
33497
57250
37025
32170
9192
4082
41904
44812
41799
54340
5267
20883
58761
42559
15499
28410
27178
33419
59412
20498
59396
38730
30013
2164
19256
13141
40767
35103
7550
58099
1754
23022
37671
50657
21712
3545
23511
56008
51933
46753
16823
37237
12264
39879
9007
22901
26258
4119
11570
48604
57848
34731
53275
24544
44316
531
59493
37060
31254
19459
19468
36627
17738
3982
4912
27814
1913
17961
32795
34165
35654
52594
37513
52331
39671
50964
13464
17587
36683
55405
23487
39398
9921
39908
31032
16016
19082
5192
39242
17743
20380
20689
25808
59699
29385
44098
28604
4867
46798
23407
36391
53381
9419
37571
33485
32300
26380
8724
8929
46573
36826
49648
28609
13100
10723
47591
1278
39608
15743
1750
43701
35402
51615
20864
12007
34349
18665
21812
49082
17625
40548
24942
13650
54688
52580
52989
53541
18178
34789
6446
56424
41617
59879
31896
31456
46918
857
34913
10453
58903
26916
37924
14691
21927
53135
33019
20405
16642
59770
24495
34113
31214
18248
24139
59115
24721
29387
31065
13425
10249
26084
8637
33844
30284
46114
26018
6111
53359
16844
29003
9458
10208
17559
6634
21039
54766
14588
21886
9763
16143
42840
16079
10172
15282
1220
6178
3270
18461
30615
4429
58605
38288
44008
19511
53234
33205
2423
12514
11970
53537
42913
47098
21954
57608
45016
17036
12095
15998
40845
23106
13489
10397
17060
56024
14102
40632
41154
1939
10738
13591
50891
29284
55357
46237
48953
29256
51560
4321
43608
46705
28253
54134
58183
34228
54717
9797
8303
4860
31562
23382
11033
25981
8223
18408
54569
42259
56756
27331
6222
18936
5051
42245
53566
8095
22496
15745
39751
9100
13963
40092
32393
23400
42295
44427
27720
31476
33564
54386
9966
6811
20409
49191
49984
26441
44573
15358
35228
43201
22888
34872
14033
42230
42835
8210
14039
5239
15821
36053
45609
42015
29588
54891
14360
51887
35447
8646
27107
10206
7054
52561
10565
49461
1020
31327
6417
24003
46233
21015
55644
7863
39542
10730
15250
33934
10750
8160
26799
30479
16452
33362
5263
27921
14925
15655
15991
59208
56504
33216
19978
35311
3929
22938
2671
30984
53634
42697
45098
43002
51826
39822
26501
52771
44629
29651
52742
58331
55330
54773
19501
14194
26791
34442
34832
32841
16990
19671
5338
33411
18574
56356
11502
23294
11884
38521
11460
6194
54873
37273
58971
5021
52876
25974
49182
4789
29679
40200
33942
45986
42200
6194
37516
20447
33801
27906
24343
51009
15074
35122
47174
16440
15250
26439
55936
51628
6400
56167
8859
17506
32528
49120
39794
42445
23771
44931
48523
54424
18060
37101
28006
14277
41834
48624
50866
38181
58158
7195
43627
16612
4886
43463
47377
3709
59364
1521
51061
32223
41474
18519
38038
10962
13695
42020
3090
3730
9808
50829
11325
48447
49382
33401
2142
47043
42098
55033
10294
7319
34592
41673
16303
1483
33905
37147
55267
24712
14136
41984
51447
46781
49255
5219
2785
39164
44507
42996
53541
19294
47473
33977
38399
33969
28287
31121
303
56681
21564
15288
53308
49206
32651
52632
51846
51618
42328
39346
47200
51205
31434
53725
23902
12929
44444
45705
25185
5292
56264
10735
43290
9539
55070
7315
33435
16162
46136
25888
11827
42399
50865
36727
50547
54699
4371
10322
33565
14234
29854
50863
33960
15938
15051
43428
9044
52020
53688
50172
57265
54205
20955
10180
31570
54213
9842
24684
25355
12857
25530
44375
25941
49753
52587
57877
26437
37670
25611
24901
59126
17615
59315
26784
41032
5272
53509
44347
22483
4916
36438
18907
5214
34625
38477
44171
19568
27605
42054
29169
53065
55979
29622
12396
59834
33510
48734
29908
42388
29074
5796
47519
29579
4530
53860
49187
20968
30452
40487
53603
19292
11157
11759
17634
38338
2742
41552
11668
52455
54596
33960
28045
48304
11427
24064
22060
39263
40328
3630
51362
22662
39898
6596
34030
54159
50202
52574
39307
514
63
37961
52889
2409
18653
38195
18957
2762
55195
22459
2826
42620
9828
3455
53152
13233
31290
12874
9134
50726
18163
25065
19967
825
56954
36285
8587
8431
45371
37384
37334
55772
40454
31674
1119
12947
6567
40594
45989
58522
46461
28602
19088
28412
37721
24067
5333
57858
21918
34365
50261
49436
28321
47460
15577
9676
26290
42567
12787
30903
22402
52507
22153
59145
57214
4671
31065
56829
3678
10126
1583
23053
9189
35771
37663
13697
30930
10810
18861
32655
966
38412
39223
25156
4114
31077
13150
48839
30341
36659
20452
38476
22088
29197
38763
56849
34454
43904
55388
36708
42602
58284
45111
16695
23303
49327
23989
14590
25981
10599
27013
16191
9210
1665
57693
15978
40109
558
10114
37619
3310
6179
55063
4882
39644
42783
52839
46577
8681
39665
53912
54677
52674
36161
16088
59887
6170
33080
44863
30879
57572
7346
20239
38816
57794
46749
21260
47462
36837
55801
25877
42515
16906
607
11053
51485
49615
54644
7114
37549
31755
10743
23977
23646
14661
13650
58192
22583
44773
12877
9896
5252
48033
24198
50975
51380
27571
4163
9830
53764
53829
22735
436
56819
19668
8364
44422
1563
37144
34766
19724
49200
21776
41334
34608
24377
42753
17114
39214
47480
54572
14659
29504
1603
58787
38741
47058
45763
5040
24718
59703
58982
35925
11720
3509
49812
30857
34835
47138
14864
25318
23336
56372
8117
17158
55961
30700
48239
27445
8340
44378
23608
30626
14494
21329
45119
57715
5850
16129
52106
4242
33038
27418
56467
53877
21873
9853
54837
17263
50620
5366
14360
22573
59239
50204
2894
6098
28813
11642
53136
43108
24538
11550
20254
13471
2662
35722
245
3023
24671
15267
17909
57011
57102
25487
35295
48210
26192
29889
15868
3293
37531
9000
18635
20170
11291
22289
21798
18971
39799
35383
45738
12493
3919
15582
8806
19340
32698
52025
30658
34704
11615
26666
17399
4998
882
56085
44384
53287
43360
9719
42855
52949
13167
59215
3430
50331
27509
37522
1350
30653
51679
37904
5158
35978
44965
30139
5806
6620
37585
55870
3989
54223
47467
54158
48839
48621
14746
45662
4427
55694
704
29043
56307
21487
47996
40550
39788
51760
16028
12415
42077
43344
179
53483
26784
3214
23879
12955
48607
55552
13187
5945
19834
53828
43971
58863
2155
23714
53756
9813
32917
34977
46864
38463
27246
59345
26648
13197
31632
13839
28635
49703
36221
19678
16878
3978
15904
56402
27963
45499
4933
49419
14766
37790
17355
11015
33661
56530
29090
41215
12462
9881
40031
58964
54979
59403
1466
31
6163
15238
21247
46914
26323
3096
41875
59109
9631
18491
55222
40805
40790
46003
6979
44482
58915
23660
42781
41432
18042
56985
15972
6023
17144
24807
31626
41694
39714
34591
41978
21029
22542
23519
34384
11069
4400
40667
20618
50190
29885
43807
50110
56200
29412
56740
19311
3842
19165
15985
5085
22063
50742
41866
37069
58069
47307
20634
18648
26709
45027
50362
23167
23097
48369
29938
16278
57534
32372
30523
47182
48675
59014
43172
9405
20719
10610
33226
21088
57571
50711
55086
34525
13254
32162
24807
25423
22676
25672
33375
57474
59482
27496
59794
14527
48861
45063
48159
48258
15077
49423
59463
38878
59087
50440
55225
20859
25466
31140
31569
32035
26473
16265
3406
22887
46302
45874
15581
54849
51224
5541
6407
46281
25764
32606
38423
14312
27059
58233
41280
27814
15496
55279
11223
35703
12884
8807
23292
43195
7245
5367
51146
31840
25871
40828
43558
5860
2153
880
7521
50172
37534
25953
28003
49744
14109
30617
6208
19294
19503
40445
17535
54778
16673
6540
3218
47686
29018
33096
54321
29096
32288
2796
162
2780
53899
20571
55643
28159
46770
50177
32915
39450
33384
50691
8418
3532
13286
36048
24754
11355
55799
48214
39784
35460
38036
17747
29639
54865
18086
2897
25148
36283
47031
29606
9345
37448
35916
45490
12899
54433
38235
25144
46529
38977
56212
23308
11206
38478
48510
16935
42858
29731
51609
33937
49674
5130
21365
48210
25056
952
32870
17839
44711
2728
56302
57191
52741
11183
15885
13553
26454
29738
17459
50666
50049
14920
44046
21434
57879
21783
2028
47113
55225
20068
38816
55504
35665
54923
31498
54402
27617
59475
3125
56174
11515
41664
30750
59764
40533
56007
29960
24064
56973
58870
10337
52572
36782
43015
47503
6338
42594
33407
17110
37794
29695
184
11016
39639
1114
6488
19585
44905
7183
27805
46218
20270
1439
55107
54756
58785
36797
55989
12
55443
38910
15523
8699
12077
46050
1499
56937
15417
3345
6487
44752
33736
16202
46908
1444
19802
37529
29211
59976
24974
57036
49809
14916
46501
16717
12065
7022
2937
48415
50308
36152
833
6291
8534
55990
15614
52875
3943
57110
4505
21917
53803
38911
10147
30660
50408
40032
55396
2961
28045
49662
39231
56113
39577
19151
552
55050
57073
20730
1650
48257
27994
25768
56529
49610
28467
50626
16627
22564
36651
28256
44689
2887
58371
29179
34044
49147
2525
1595
25383
58964
56681
22379
41072
3037
43488
5301
52342
55593
24135
7577
31152
3691
28492
27167
7378
22729
24295
3986
53795
20544
36729
1407
40282
11380
10326
4872
5368
53253
10647
31679
14021
46708
15313
9389
57762
11637
56396
43209
35276
11186
915
39658
46418
39185
32647
36831
8031
6301
4541
55255
48370
11548
34368
23671
28070
27890
36245
12832
46924
27961
7486
17238
15029
17900
37701
50444
38230
32918
28850
7805
38313
40961
2471
54043
27068
6680
32692
55846
3420
21114
49046
24401
13438
23371
439
18364
21486
5187
3910
23492
31038
52365
47284
4958
28898
9435
17375
1412
1845
43352
15294
30611
43951
3617
57596
55630
43184
21307
58887
48164
44730
7128
9348
4847
43816
12506
47794
40790
51056
11288
8156
22569
17734
42275
14093
49157
5946
50453
23392
19216
4318
33712
26999
52641
55891
38512
18003
31247
55022
23743
34236
9771
38812
53483
18506
17229
1882
43614
27800
373
44941
43684
9119
51644
1138
22280
19393
39787
53891
34336
11235
31322
27298
44783
32015
40123
27835
20385
33108
16316
3698
6826
10767
47884
32185
29029
27849
30250
1061
26187
54272
53063
3705
56903
32362
7794
25828
9625
46403
56443
59129
12302
13114
28540
55544
37539
57175
27882
2131
49733
8648
42394
39265
45097
57783
23580
15010
11088
46015
3029
31716
58447
14983
6884
53589
31604
42108
18779
26619
28393
37380
52650
53597
45105
24752
1129
7122
34247
5372
36878
32735
7664
17816
10694
49457
59259
30927
56151
33198
34883
44672
31167
23319
17759
27273
6509
36618
26729
52315
50958
6483
45586
26732
5123
18724
36992
22970
55755
54595
18683
30003
58534
22854
13560
34454
31663
52190
10238
59155
44937
19699
34920
27891
20710
32364
11712
1093
10620
4974
43912
50556
22529
28565
36830
7993
33557
26236
9117
43836
4350
36850
21776
44730
22845
1387
33378
43780
1283
57699
12965
2596
12089
16599
31251
8544
34920
11459
182
18428
46956
16222
46778
13438
29416
28237
17682
10311
680
20275
38733
28476
15224
2591
53998
53227
14900
40227
53371
4506
9213
30666
12779
59201
27380
29768
17648
8607
56497
51006
26487
30086
20556
45066
5665
4341
51297
51310
52699
11884
37635
38992
22912
21606
28710
57602
53213
11196
23177
34885
14705
36810
56564
41027
47545
38900
14123
962
16655
27681
3790
44653
48031
57360
27602
46647
42476
26778
13054
44775
16570
12426
2674
55850
35268
25236
55868
23326
55924
13371
44238
49373
56301
45144
48987
15105
16234
23992
14935
19416
23327
58983
39685
37415
7292
174
40015
5099
36057
4647
37204
41204
10042
46176
3615
18706
12437
8797
2898
59850
21922
46514
47550
36338
7339
6944
12523
46056
16545
14591
52511
19230
48120
16240
40449
6737
18537
23813
26588
40582
48377
5648
17122
43023
56646
48058
52761
55453
33854
44219
1916
24488
3644
19190
22275
16470
49134
31088
21579
46568
32949
18669
46847
20100
22766
58871
34639
27546
54057
27131
1066
4851
27647
9945
6203
27908
23655
49893
33433
32864
29446
49628
14983
38724
47284
16230
34379
17702
4420
57633
53909
8673
29679
29591
30068
44099
14523
39811
23408
39034
50860
5419
48659
22893
19789
56722
55490
20606
38237
31644
6470
37305
59132
12064
52948
37770
41743
35305
49410
25173
48186
45510
40319
22135
5639
54820
21636
45191
837
58998
4455
29570
53733
32628
37701
32575
40064
16201
47537
13135
59614
24165
30352
54076
17854
57101
26805
37280
38372
34835
798
11249
14511
18460
43840
2810
31543
16199
30462
32945
35772
41964
11211
10281
22770
9542
25902
18200
12518
57826
8723
49326
33947
17779
2484
4873
56532
45960
44722
18483
6287
45131
37964
56905
24890
10077
47735
9114
11251
59040
8543
7231
39856
30502
16160
15780
5605
29152
21000
3551
46314
59388
3994
41352
5920
23049
46207
37373
46696
38183
57598
17060
15048
48636
41902
20153
12095
28399
11786
171
55931
46873
49317
30884
59034
23817
48071
54598
48283
25753
59817
5330
25712
31213
39706
14771
16920
10164
21395
27861
49734
10616
10763
619
31168
35380
4023
14281
59247
19833
55041
28239
13182
40511
20491
3218
4274
55355
224
14352
12297
47231
18416
8935
27093
14050
32617
16959
7549
19604
45763
16766
49342
13965
48189
20260
3882
15034
54167
31686
37736
14999
50141
19905
43287
13202
55722
25887
9499
12212
15792
6170
39270
7136
26254
29745
8842
15527
55578
38490
49207
28867
18634
28031
9296
2623
50392
34884
23551
41347
33851
33382
58672
46560
35735
2598
5964
32764
5849
36898
40049
5214
1599
30485
41801
53437
6516
29812
18690
20167
35759
32880
7465
48765
18586
17585
16456
13687
33419
59059
59550
7287
9344
24100
14202
14318
46440
49676
49375
20707
11255
48863
36529
45200
1801
36954
37071
16509
25604
58432
44745
29068
54165
28147
42726
8083
13565
11242
15518
46302
36088
8764
32735
170
50720
45630
46411
27945
25539
5328
27347
59750
53295
287
42649
1912
45868
14430
48306
50578
2032
21545
22271
5581
19981
40285
9491
40416
31526
52706
20580
9525
25558
1224
29470
31463
21701
19477
4228
37836
44549
19571
9972
55931
9464
38967
13686
19923
59392
5421
15756
58522
13874
37147
56399
36967
52119
44197
23779
40632
7264
55630
27879
2423
26083
19570
48634
6106
17918
26886
35383
21567
46186
55342
23372
13142
33048
53076
43585
32930
49483
44368
33166
3598
27837
42183
18752
37208
4638
33631
45503
38008
56485
23748
36913
33560
56283
31179
31586
9914
29592
47211
20575
13812
32784
33325
8789
27310
13365
27642
11362
47707
2269
55153
15484
19562
47383
54629
6084
20604
18515
48056
45746
33344
50314
32849
27688
52272
941
49218
18781
32753
43793
751
26551
37712
32151
5771
23803
3904
40745
27246
13530
3499
48012
37637
28005
26179
7870
55592
4906
20592
35744
33421
19840
2036
3644
11304
52155
48074
29776
20993
22243
9958
16550
38006
17705
26780
23514
19523
33070
59854
26800
55327
25353
5275
43101
38532
6913
27391
31656
19241
26809
15220
10024
16203
51762
53417
49519
54954
14361
58146
29483
22985
46394
39177
16591
56848
42690
34237
130
9565
42246
40075
12215
45127
21616
15878
14777
40604
12836
12515
38860
40580
40368
37664
19313
12949
27105
242
34657
55123
36910
36011
21506
4765
38221
26491
48456
36910
52752
29840
22570
14908
50000
13728
54666
26479
151
21278
55690
42670
14878
27703
30377
47499
36613
44248
16600
41433
20360
54249
23489
1781
46882
58708
35826
7585
25023
21327
34090
6851
16886
32426
39124
46382
32328
47125
30649
6087
21492
41774
7766
10526
31728
3380
30952
23508
29593
29496
6572
21569
16392
12725
9603
34928
24219
8897
43679
34042
33189
35188
50803
4957
29699
14769
34283
25575
2247
25394
14650
52485
28108
23090
18261
23688
38125
18367
42271
51319
11363
43196
57204
33054
28657
21110
26445
21000
3054
49634
15139
15668
8317
55308
8410
53713
23847
9944
30514
54579
41777
43891
844
39524
31924
58198
1619
33618
27635
37353
20104
36554
36654
59741
13721
4493
8410
38929
46404
8091
6821
33534
45431
25016
14109
991
51854
28003
26940
24012
51043
40982
8793
59512
5536
32655
43453
58627
21825
39199
40515
54925
8703
23661
35922
22417
57422
15739
45979
54714
30336
15958
35594
18922
28269
1678
14513
53159
34008
19981
8238
25782
5519
50040
20516
11773
38042
5108
4569
11398
12263
29826
1890
44684
18726
11976
3538
28163
47785
27173
46831
15063
23668
7508
4841
53610
2088
8763
39226
48202
2276
40557
19622
2531
43230
49440
36963
15679
56980
49697
26530
8223
31305
21103
56638
6452
38251
50235
37505
13213
55176
28673
32434
2524
23190
35635
56441
22860
50275
27526
39371
14758
34128
52787
1158
46238
34636
49854
42009
1615
56766
52472
22527
9529
18674
52258
37821
3055
30609
36288
52312
52650
38744
52156
45404
59321
19007
18551
57827
50467
2121
45067
24050
25352
47459
49574
53226
17016
1853
34653
51673
47070
4463
26006
57593
12054
23845
1771
27689
29228
54687
37952
54125
13261
22302
4673
44007
2812
21179
59174
46445
8714
30711
3583
3833
4269
58009
36544
33275
10780
42565
26874
53135
7186
46003
14812
33903
51843
52348
52227
54300
17854
57301
15742
17962
53988
46170
14292
15468
58909
1964
6227
39866
29240
26454
45063
26523
22743
10952
25583
20073
21683
24273
16880
43601
44668
39330
51359
46812
45066
22228
54247
52327
41388
48005
14277
51257
4276
15669
17382
31702
34922
42657
53637
38769
7058
28859
51220
39148
35801
16998
24416
4934
19401
24370
55574
34690
21523
41844
11669
13265
41910
11284
27681
26204
21365
53953
41974
2611
16049
35185
6770
55237
41677
15411
59431
11001
34590
32275
54837
45554
59712
21025
54838
50823
39228
15632
7384
30747
24998
14925
29808
47454
6270
13544
1425
10465
23704
46912
45637
25535
22174
1640
37842
56467
31613
3453
18096
19721
51272
2788
8581
20917
10289
11359
45160
26043
35444
4028
32967
10947
54067
37121
3837
46512
42864
58625
4821
36618
48705
20390
51947
16568
59989
35171
13496
26009
50290
11789
44331
59792
52551
16657
4420
38436
18286
15198
18370
19165
53123
54363
29995
51648
46799
36122
34206
43945
27483
21488
7796
278
10367
24555
42994
30258
41132
7237
54307
11007
56319
8273
51876
51802
32067
23076
24510
48097
59337
17058
58090
12356
26173
3768
12751
42745
42375
54916
39129
7154
48314
923
49022
57916
34894
59388
50879
41510
22021
38018
57352
33537
41049
40502
24125
35901
56380
26775
53090
42212
17041
37011
39673
2493
51636
34439
37173
37654
32564
5219
54096
58114
41832
31189
49516
41159
15748
26755
15303
24108
56364
17077
58973
10926
47192
20001
40073
50211
27602
47124
20821
43050
11797
52767
7082
15681
10824
41467
18098
59013
26486
49472
35273
29942
35891
2665
28171
49589
58672
47367
10597
57459
58205
4319
18833
39053
54267
35591
31141
18586
55837
27739
44194
31249
56154
55659
52124
24564
51564
27697
56052
49935
33061
42392
6596
1035
23291
46051
14456
50104
2192
33217
58335
22919
38011
5488
29986
59913
22872
43474
11330
41399
10161
34428
9125
53611
4633
19923
19657
3477
44562
14898
23791
41841
36551
8472
43367
28438
53104
54793
12094
51091
54250
55346
12466
8797
35081
4298
28703
27177
41188
21415
7773
28721
20708
30439
49709
48656
23489
40414
27534
15895
25439
16770
24777
54448
30290
56216
32872
6149
17895
13946
58211
11125
4587
13405
6949
56715
17762
26830
12042
42016
5363
12781
59941
13639
12874
40625
23918
11889
56724
1636
5078
38932
52349
10959
31000
3630
18279
42704
57418
43335
35775
7426
13917
8896
4644
2406
48196
59652
23468
54469
7875
45550
2903
31611
1040
19919
50998
37823
53500
43241
40900
3653
7242
50112
39505
40613
47530
35475
24434
27949
30447
45449
32240
2875
30658
6135
23410
24246
47638
44412
49749
4842
50224
36400
25838
20491
28851
4694
58998
19226
52604
36038
24826
52771
14031
53075
16730
31926
54506
16785
14528
32405
59788
39471
50816
17905
14861
42582
14105
17738
19392
35796
37447
58889
21428
10918
53155
30537
27809
26981
17813
436
18725
23966
24333
16659
25602
23288
30911
25347
50716
43521
8101
18696
56875
24060
58919
49852
18663
55736
12224
51413
59040
38324
57107
43054
44501
48152
23723
12470
6287
27325
3258
25049
31162
33156
57072
44017
25802
52525
31313
14689
49723
12405
41891
36516
21318
30529
45873
11792
37963
37913
48934
3266
37310
47702
58326
27804
55571
33477
34183
9990
24263
27338
44678
35487
13917
47387
8668
7974
35667
43668
8424
11078
33941
31045
8098
35936
1650
29672
51598
18844
59249
52270
40164
15090
10496
40633
59662
57607
9201
51345
59073
39213
52455
57600
7515
50261
20659
33586
18696
6465
37822
5488
54961
18188
45777
16728
30226
326
39195
2779
26551
21630
9672
25563
59088
31254
34398
40173
10606
57572
56315
11959
29680
52260
1976
54409
8945
24899
31920
17001
18106
43595
29355
24158
55969
11602
1087
48141
14775
19956
36044
307
25591
59856
48755
2272
18625
48823
29063
8422
53883
43492
54580
8838
50475
11982
36250
47522
40979
57334
32176
52656
17910
42701
31735
13753
34706
33719
59590
47798
37303
9150
2290
11231
55564
24705
46706
49751
48256
19345
17685
13518
27503
34490
27927
32744
23423
52955
38076
56628
56346
34758
19194
1915
20558
58421
46786
16350
46131
11912
51966
17228
8219
35451
32678
59539
51996
6836
53489
32074
43189
10242
8484
9222
8202
56385
20229
16121
45974
40158
19765
43570
46988
5272
490
50886
57986
58149
11390
52145
13468
8473
28972
17138
17679
8806
1000
5553
34733
39357
32646
42152
24978
2337
16378
56431
3256
30304
4158
11004
27180
25254
50606
45674
15609
15122
9857
38791
59843
2336
46590
54564
57667
34510
49495
38737
52050
20035
17800
11656
54157
51110
17589
33707
41292
8567
5163
5084
4099
51123
30106
26630
21207
5326
48797
4296
33440
32467
35408
46399
18584
5693
41403
25175
20991
39416
13966
48618
3316
30949
32630
12526
54164
32355
54038
28737
31377
771
21453
37709
52693
13235
33139
51223
48643
2520
19547
10192
36148
19462
18533
45567
26672
36209
48118
51736
2360
55855
38337
13044
5656
17464
7797
6063
36696
58965
32813
44506
43116
1946
41105
16614
49183
48167
12750
3684
55979
30868
42562
21948
11468
57239
22968
15476
18881
45912
28932
41238
28233
43202
54437
49409
35886
55099
30872
58889
37031
24075
8777
24343
35114
788
56181
7083
43785
31537
18125
33515
31491
37819
33306
8974
48224
30120
18106
27677
22425
1494
5343
6115
24816
28682
41084
50133
5918
52789
4147
30739
46194
45359
20899
9851
27897
45333
1325
42200
162
5398
27945
48946
23783
43013
2204
12471
10028
49026
10120
15989
44035
42639
43983
55323
30357
37703
30440
2449
7189
54013
58470
35700
55175
48849
8588
43297
29358
52159
26397
57163
53050
15506
24147
13095
35871
33859
16
58639
41490
17068
45257
43081
18699
48400
59314
26577
46392
24023
25896
50637
11225
58217
38229
36276
31906
13992
42438
25599
13090
3128
